1.090253353118896484e+00
1.030018568038940430e+00
9.465317726135253906e-01
7.509580254554748535e-01
9.554017186164855957e-01
9.958083629608154297e-01
1.224635004997253418e+00
9.630880355834960938e-01
7.518550157546997070e-01
1.039203524589538574e+00
8.878069519996643066e-01
1.019219040870666504e+00
9.745717644691467285e-01
9.885629415512084961e-01
9.709371328353881836e-01
9.224644899368286133e-01
8.998734951019287109e-01
8.449368476867675781e-01
7.806267738342285156e-01
8.865646123886108398e-01
1.075917482376098633e+00
1.002973914146423340e+00
8.718104362487792969e-01
9.016871452331542969e-01
7.063661217689514160e-01
7.565509676933288574e-01
1.044895768165588379e+00
8.438763618469238281e-01
9.161094427108764648e-01
9.648356437683105469e-01
9.348732233047485352e-01
9.831822514533996582e-01
1.009548783302307129e+00
9.201585650444030762e-01
8.698129653930664062e-01
8.709188699722290039e-01
7.940914630889892578e-01
1.099638104438781738e+00
8.949781656265258789e-01
9.326246976852416992e-01
7.302233576774597168e-01
9.527411460876464844e-01
9.527794718742370605e-01
8.755953907966613770e-01
1.006729483604431152e+00
9.459735751152038574e-01
9.611976146697998047e-01
8.018410801887512207e-01
9.607408046722412109e-01
8.548378944396972656e-01
9.582920670509338379e-01
6.874981522560119629e-01
1.173860430717468262e+00
1.138565659523010254e+00
9.274315834045410156e-01
8.360788822174072266e-01
1.083058357238769531e+00
8.222438097000122070e-01
9.137646555900573730e-01
8.546130061149597168e-01
9.393606781959533691e-01
8.839790821075439453e-01
7.764902710914611816e-01
9.156553149223327637e-01
8.604730367660522461e-01
1.045646071434020996e+00
7.641761898994445801e-01
9.884124398231506348e-01
7.737680673599243164e-01
8.896947503089904785e-01
7.706654071807861328e-01
7.537525892257690430e-01
9.419094324111938477e-01
9.178041219711303711e-01
8.822587132453918457e-01
8.669290542602539062e-01
9.050709605216979980e-01
9.313871264457702637e-01
8.113799095153808594e-01
8.694492578506469727e-01
7.850075364112854004e-01
9.796313047409057617e-01
8.143250942230224609e-01
1.049013257026672363e+00
9.797786474227905273e-01
1.126724720001220703e+00
8.964984416961669922e-01
8.733635544776916504e-01
9.520439505577087402e-01
9.379905462265014648e-01
1.012940049171447754e+00
1.020674705505371094e+00
1.007168889045715332e+00
8.594273924827575684e-01
8.936336040496826172e-01
8.802124261856079102e-01
1.021729350090026855e+00
8.893467187881469727e-01
8.913202881813049316e-01
9.320377707481384277e-01
8.691590428352355957e-01
7.588404417037963867e-01
9.600763320922851562e-01
7.812542915344238281e-01
1.071807980537414551e+00
1.021930932998657227e+00
7.650317549705505371e-01
7.938247919082641602e-01
9.564565420150756836e-01
9.667632579803466797e-01
8.861914873123168945e-01
9.474413394927978516e-01
1.076860904693603516e+00
1.018777608871459961e+00
8.878112435340881348e-01
9.408494830131530762e-01
9.134355783462524414e-01
9.896566867828369141e-01
9.585492014884948730e-01
8.691509366035461426e-01
8.028076291084289551e-01
9.661511182785034180e-01
6.790381669998168945e-01
8.752894401550292969e-01
7.575532197952270508e-01
8.496606349945068359e-01
6.964353322982788086e-01
9.754292964935302734e-01
1.321962356567382812e+00
8.143045306205749512e-01
9.619833827018737793e-01
6.636797785758972168e-01
8.067989349365234375e-01
6.977656483650207520e-01
1.216858744621276855e+00
1.026777625083923340e+00
1.011844158172607422e+00
7.378062009811401367e-01
8.605575561523437500e-01
9.069325923919677734e-01
8.637232780456542969e-01
7.929871082305908203e-01
8.114926218986511230e-01
9.492589235305786133e-01
8.827635645866394043e-01
9.704162478446960449e-01
9.282088279724121094e-01
1.152998805046081543e+00
9.797058701515197754e-01
7.833458185195922852e-01
9.436141252517700195e-01
9.037985205650329590e-01
7.946065664291381836e-01
9.705949425697326660e-01
9.135148525238037109e-01
8.328691720962524414e-01
8.073916435241699219e-01
9.449696540832519531e-01
7.468631863594055176e-01
8.227622509002685547e-01
1.025265216827392578e+00
9.789786934852600098e-01
9.777035117149353027e-01
7.191875576972961426e-01
1.009537339210510254e+00
1.194367647171020508e+00
8.973894119262695312e-01
9.869444966316223145e-01
9.581314325332641602e-01
8.851000666618347168e-01
9.115972518920898438e-01
9.463996887207031250e-01
9.378777146339416504e-01
1.040469765663146973e+00
1.020404577255249023e+00
8.751075863838195801e-01
9.547924399375915527e-01
9.081463813781738281e-01
8.421027660369873047e-01
1.127494573593139648e+00
7.617991566658020020e-01
1.014507889747619629e+00
7.501709461212158203e-01
1.067545175552368164e+00
8.409947752952575684e-01
8.240562677383422852e-01
8.467082381248474121e-01
6.266087293624877930e-01
1.065838456153869629e+00
7.506137490272521973e-01
6.825278401374816895e-01
8.378777503967285156e-01
1.105654001235961914e+00
8.195727467536926270e-01
8.840469121932983398e-01
7.314711809158325195e-01
8.940564393997192383e-01
7.967035174369812012e-01
9.215435385704040527e-01
9.309796094894409180e-01
1.014034390449523926e+00
8.432865142822265625e-01
7.446533441543579102e-01
9.975153207778930664e-01
9.663984775543212891e-01
9.119095802307128906e-01
9.634527564048767090e-01
8.594378829002380371e-01
9.485861063003540039e-01
7.987677454948425293e-01
8.186885714530944824e-01
9.011484384536743164e-01
8.521854877471923828e-01
8.782740831375122070e-01
8.345077633857727051e-01
9.458169341087341309e-01
9.033220410346984863e-01
9.497262835502624512e-01
8.744595050811767578e-01
6.876865029335021973e-01
1.224273920059204102e+00
1.173043847084045410e+00
9.154142737388610840e-01
9.681694507598876953e-01
8.957297801971435547e-01
9.305855035781860352e-01
8.228443861007690430e-01
9.352779984474182129e-01
9.685781002044677734e-01
7.764355540275573730e-01
9.173817634582519531e-01
7.723913788795471191e-01
9.505928754806518555e-01
6.661296486854553223e-01
9.626837968826293945e-01
1.003958821296691895e+00
8.934247493743896484e-01
8.981198072433471680e-01
1.118306159973144531e+00
6.726895570755004883e-01
7.451786994934082031e-01
7.751376628875732422e-01
9.856038093566894531e-01
8.105803728103637695e-01
1.096639513969421387e+00
7.795395255088806152e-01
1.017266869544982910e+00
7.365003824234008789e-01
9.156038165092468262e-01
1.010388374328613281e+00
7.987028360366821289e-01
8.540262579917907715e-01
7.554717063903808594e-01
7.208682298660278320e-01
9.115930795669555664e-01
9.502251148223876953e-01
9.057734012603759766e-01
8.517362475395202637e-01
9.214971065521240234e-01
9.358270764350891113e-01
9.531321525573730469e-01
9.354467988014221191e-01
9.097516536712646484e-01
8.356144428253173828e-01
1.053653597831726074e+00
9.783263802528381348e-01
8.839474320411682129e-01
8.662828207015991211e-01
1.009159207344055176e+00
1.096218705177307129e+00
8.895652890205383301e-01
8.343719840049743652e-01
8.799093961715698242e-01
8.852556347846984863e-01
9.388276338577270508e-01
8.809086680412292480e-01
9.125943779945373535e-01
7.475196719169616699e-01
6.951873898506164551e-01
9.843437075614929199e-01
6.972272396087646484e-01
9.867538213729858398e-01
9.331030845642089844e-01
9.358959197998046875e-01
8.516608476638793945e-01
8.485925793647766113e-01
7.584378719329833984e-01
8.737130761146545410e-01
9.514499306678771973e-01
1.002681016921997070e+00
1.012819528579711914e+00
7.862942814826965332e-01
7.328624129295349121e-01
1.017577052116394043e+00
9.095048904418945312e-01
8.527780175209045410e-01
7.544920444488525391e-01
9.762165546417236328e-01
8.391004204750061035e-01
8.762945532798767090e-01
8.975238800048828125e-01
8.640416860580444336e-01
9.862414002418518066e-01
8.799743652343750000e-01
8.019515275955200195e-01
8.740963339805603027e-01
7.579919099807739258e-01
1.002370476722717285e+00
9.566360712051391602e-01
9.907991290092468262e-01
8.083075881004333496e-01
5.887142419815063477e-01
1.023744702339172363e+00
9.882214665412902832e-01
8.033064603805541992e-01
8.485513925552368164e-01
6.734508275985717773e-01
1.128952622413635254e+00
8.313766121864318848e-01
7.995008230209350586e-01
7.334070801734924316e-01
9.285858869552612305e-01
7.230827808380126953e-01
1.085259675979614258e+00
7.588371634483337402e-01
8.425356745719909668e-01
1.031756639480590820e+00
9.742482900619506836e-01
8.607514500617980957e-01
7.772413492202758789e-01
8.470906019210815430e-01
1.005608558654785156e+00
1.074096679687500000e+00
8.278322219848632812e-01
9.517930746078491211e-01
8.273956179618835449e-01
9.361141324043273926e-01
8.653293848037719727e-01
9.335683584213256836e-01
1.076893210411071777e+00
9.819017052650451660e-01
8.356418013572692871e-01
8.678330779075622559e-01
8.053598403930664062e-01
1.035096883773803711e+00
9.231280684471130371e-01
9.143158793449401855e-01
9.641180038452148438e-01
9.167641997337341309e-01
7.444741129875183105e-01
1.046875476837158203e+00
9.453265666961669922e-01
8.886582255363464355e-01
9.242417216300964355e-01
8.261289596557617188e-01
8.425698280334472656e-01
6.774660944938659668e-01
7.983987927436828613e-01
8.438088893890380859e-01
7.517102360725402832e-01
8.442252874374389648e-01
1.191087245941162109e+00
6.947366595268249512e-01
9.370970129966735840e-01
9.303225874900817871e-01
1.283814549446105957e+00
8.968615531921386719e-01
9.644390344619750977e-01
8.964396119117736816e-01
7.402387261390686035e-01
7.839876413345336914e-01
9.411714076995849609e-01
8.298833370208740234e-01
8.962038755416870117e-01
8.178235888481140137e-01
9.670009016990661621e-01
8.634356856346130371e-01
9.431452155113220215e-01
8.998327851295471191e-01
9.996560811996459961e-01
9.164856672286987305e-01
1.031063318252563477e+00
8.812168240547180176e-01
9.663279652595520020e-01
8.743326663970947266e-01
8.398946523666381836e-01
8.997658491134643555e-01
7.711650729179382324e-01
8.743953704833984375e-01
9.867063760757446289e-01
7.651925086975097656e-01
8.895980715751647949e-01
1.004171609878540039e+00
8.434696197509765625e-01
9.561380743980407715e-01
9.162147045135498047e-01
8.722411394119262695e-01
8.643698096275329590e-01
8.150657415390014648e-01
8.072652816772460938e-01
1.098238229751586914e+00
9.713515639305114746e-01
9.236259460449218750e-01
9.841391444206237793e-01
7.158256173133850098e-01
8.784027099609375000e-01
8.423504233360290527e-01
7.394150495529174805e-01
9.516760706901550293e-01
1.063779711723327637e+00
8.838912844657897949e-01
8.341419696807861328e-01
6.727885007858276367e-01
7.051023840904235840e-01
8.335782885551452637e-01
8.926189541816711426e-01
8.044251203536987305e-01
8.457244038581848145e-01
9.457820653915405273e-01
8.939301967620849609e-01
9.511822462081909180e-01
9.031604528427124023e-01
6.632279157638549805e-01
8.278458714485168457e-01
1.002128958702087402e+00
1.022612690925598145e+00
8.437650799751281738e-01
7.538852691650390625e-01
7.215771675109863281e-01
8.088921904563903809e-01
7.230497002601623535e-01
8.962800502777099609e-01
8.931840658187866211e-01
8.014997243881225586e-01
7.337005138397216797e-01
9.587414264678955078e-01
7.907273769378662109e-01
1.088172078132629395e+00
1.077774643898010254e+00
9.726812839508056641e-01
7.947529554367065430e-01
8.142212033271789551e-01
7.621306180953979492e-01
8.268705010414123535e-01
7.802074551582336426e-01
8.998529911041259766e-01
8.525122404098510742e-01
7.292682528495788574e-01
7.642511725425720215e-01
1.149888157844543457e+00
9.669514298439025879e-01
9.980087876319885254e-01
8.211093544960021973e-01
1.006853461265563965e+00
1.024925351142883301e+00
8.377660512924194336e-01
7.814875841140747070e-01
9.318218827247619629e-01
9.008643627166748047e-01
8.428356647491455078e-01
1.031085014343261719e+00
8.306809067726135254e-01
9.651903510093688965e-01
8.765379190444946289e-01
8.830392956733703613e-01
8.572505712509155273e-01
9.954542517662048340e-01
6.717825531959533691e-01
9.193937778472900391e-01
8.982592821121215820e-01
9.655803442001342773e-01
8.706304430961608887e-01
9.372813105583190918e-01
1.035264372825622559e+00
7.291452288627624512e-01
7.330664396286010742e-01
9.657123088836669922e-01
9.593212008476257324e-01
7.926931977272033691e-01
9.445499777793884277e-01
9.202230572700500488e-01
7.357678413391113281e-01
7.155478596687316895e-01
8.361806869506835938e-01
8.478004932403564453e-01
1.035425305366516113e+00
6.714536547660827637e-01
9.337689280509948730e-01
9.153493642807006836e-01
8.852698802947998047e-01
8.811089396476745605e-01
7.219856977462768555e-01
9.539498686790466309e-01
8.554934263229370117e-01
8.807020187377929688e-01
9.291502833366394043e-01
1.043495059013366699e+00
9.141724109649658203e-01
9.424224495887756348e-01
9.586403965950012207e-01
8.356801867485046387e-01
9.979525804519653320e-01
8.973330259323120117e-01
7.956817746162414551e-01
8.972015380859375000e-01
9.691749811172485352e-01
8.998034596443176270e-01
9.619464874267578125e-01
8.733033537864685059e-01
8.230174183845520020e-01
6.973699927330017090e-01
9.688180685043334961e-01
6.921430230140686035e-01
1.033338546752929688e+00
7.566105723381042480e-01
8.789176344871520996e-01
8.414036035537719727e-01
8.162124156951904297e-01
8.988810181617736816e-01
8.202201128005981445e-01
8.737220168113708496e-01
8.677639961242675781e-01
9.620538949966430664e-01
7.277629971504211426e-01
9.000384807586669922e-01
9.733777642250061035e-01
8.677009344100952148e-01
9.833118915557861328e-01
1.094742894172668457e+00
6.513794064521789551e-01
8.731516599655151367e-01
9.201546907424926758e-01
1.137837886810302734e+00
1.067349076271057129e+00
8.316332697868347168e-01
8.812490105628967285e-01
7.606253623962402344e-01
9.231446385383605957e-01
7.667769193649291992e-01
9.278919696807861328e-01
9.223845005035400391e-01
9.074993133544921875e-01
9.611293077468872070e-01
7.824150323867797852e-01
7.448136806488037109e-01
7.761577367782592773e-01
9.574756026268005371e-01
9.332736730575561523e-01
9.304111599922180176e-01
6.636440157890319824e-01
7.290512323379516602e-01
8.237395286560058594e-01
7.798799872398376465e-01
9.284123778343200684e-01
7.545177936553955078e-01
8.438965678215026855e-01
1.009672760963439941e+00
9.774672985076904297e-01
9.474231600761413574e-01
7.319720983505249023e-01
1.083856463432312012e+00
1.098688006401062012e+00
8.768505454063415527e-01
7.983259558677673340e-01
8.166882991790771484e-01
9.907937049865722656e-01
8.031939864158630371e-01
1.012846112251281738e+00
8.216868638992309570e-01
1.025223374366760254e+00
9.458246231079101562e-01
9.111166000366210938e-01
8.002353906631469727e-01
8.243814110755920410e-01
8.237850666046142578e-01
9.060322642326354980e-01
7.923970222473144531e-01
8.157898783683776855e-01
9.248098731040954590e-01
7.889423370361328125e-01
9.910250902175903320e-01
7.976490259170532227e-01
7.487027049064636230e-01
9.151370525360107422e-01
9.873384237289428711e-01
1.019752025604248047e+00
9.531920552253723145e-01
1.119440674781799316e+00
8.613775372505187988e-01
8.074104785919189453e-01
9.209387898445129395e-01
8.602070212364196777e-01
8.657122254371643066e-01
8.642119169235229492e-01
8.626565933227539062e-01
8.916616439819335938e-01
9.657990336418151855e-01
8.215775489807128906e-01
7.530412673950195312e-01
9.150466918945312500e-01
9.608284831047058105e-01
8.129408955574035645e-01
9.205336570739746094e-01
1.035545229911804199e+00
9.138383865356445312e-01
7.657639384269714355e-01
9.489235281944274902e-01
1.059931516647338867e+00
6.727905869483947754e-01
8.509876728057861328e-01
6.588925719261169434e-01
1.042613029479980469e+00
9.875855445861816406e-01
8.476317524909973145e-01
8.837006092071533203e-01
9.687896370887756348e-01
9.282553195953369141e-01
8.514528870582580566e-01
7.870272397994995117e-01
8.279806375503540039e-01
1.057374715805053711e+00
7.526975274085998535e-01
7.796652913093566895e-01
7.872890233993530273e-01
9.165327548980712891e-01
7.720330953598022461e-01
7.253530025482177734e-01
7.964528203010559082e-01
8.016131520271301270e-01
7.866165041923522949e-01
9.746206998825073242e-01
9.324260950088500977e-01
8.367705941200256348e-01
8.671045303344726562e-01
9.223983287811279297e-01
8.554408550262451172e-01
9.614500403404235840e-01
6.822262406349182129e-01
9.280673861503601074e-01
7.884671092033386230e-01
8.935381174087524414e-01
7.937667965888977051e-01
8.536068797111511230e-01
9.951201081275939941e-01
9.909702539443969727e-01
7.933958768844604492e-01
9.312512874603271484e-01
8.623711466789245605e-01
7.903294563293457031e-01
1.032627940177917480e+00
9.548038244247436523e-01
8.809880018234252930e-01
7.827909588813781738e-01
1.032802343368530273e+00
7.081043720245361328e-01
1.026885390281677246e+00
9.553216099739074707e-01
1.012182593345642090e+00
7.518602609634399414e-01
9.714421033859252930e-01
7.920321822166442871e-01
8.784539699554443359e-01
7.501276731491088867e-01
8.362297415733337402e-01
9.569473862648010254e-01
7.282164692878723145e-01
7.632966041564941406e-01
9.540304541587829590e-01
9.811969399452209473e-01
7.394232749938964844e-01
7.693879604339599609e-01
8.945930004119873047e-01
9.453461766242980957e-01
9.686348438262939453e-01
7.290773391723632812e-01
7.892634868621826172e-01
8.288677930831909180e-01
7.446382641792297363e-01
7.306774258613586426e-01
1.102988719940185547e+00
9.459769129753112793e-01
1.215301275253295898e+00
9.215931892395019531e-01
8.945253491401672363e-01
8.034735321998596191e-01
8.427325487136840820e-01
8.426786661148071289e-01
9.997690320014953613e-01
9.081118702888488770e-01
9.839971065521240234e-01
7.909236550331115723e-01
9.005798101425170898e-01
9.269078373908996582e-01
9.582301378250122070e-01
8.500254750251770020e-01
8.236936330795288086e-01
8.810701966285705566e-01
9.833608269691467285e-01
7.882584333419799805e-01
8.930910825729370117e-01
8.679115176200866699e-01
8.779450654983520508e-01
8.862544298171997070e-01
8.596760034561157227e-01
8.715542554855346680e-01
7.587377429008483887e-01
8.578237891197204590e-01
9.935597777366638184e-01
8.239040970802307129e-01
8.012921810150146484e-01
7.746695876121520996e-01
6.486595273017883301e-01
9.029486775398254395e-01
9.719407558441162109e-01
8.831298351287841797e-01
8.050974607467651367e-01
7.538954019546508789e-01
1.061399698257446289e+00
7.123584151268005371e-01
1.116081595420837402e+00
9.341477751731872559e-01
8.753201961517333984e-01
7.416617274284362793e-01
1.029079198837280273e+00
6.459248065948486328e-01
8.403388857841491699e-01
8.026641011238098145e-01
8.567575812339782715e-01
8.865243792533874512e-01
9.831762313842773438e-01
7.853341102600097656e-01
7.927662134170532227e-01
8.584743738174438477e-01
9.286653399467468262e-01
7.747895121574401855e-01
8.763988018035888672e-01
8.215140104293823242e-01
7.618453502655029297e-01
1.196794629096984863e+00
8.360797762870788574e-01
6.997095346450805664e-01
7.200576066970825195e-01
9.285870790481567383e-01
6.741226911544799805e-01
1.148063540458679199e+00
8.686968088150024414e-01
9.805498123168945312e-01
8.305786848068237305e-01
9.564765095710754395e-01
8.651254773139953613e-01
7.519544363021850586e-01
7.173056006431579590e-01
9.129633307456970215e-01
8.941009640693664551e-01
8.828456997871398926e-01
1.048253417015075684e+00
6.736604571342468262e-01
1.178133726119995117e+00
9.150082468986511230e-01
1.060380458831787109e+00
8.648582696914672852e-01
9.617848396301269531e-01
8.083352446556091309e-01
9.813643097877502441e-01
7.882959842681884766e-01
8.829200267791748047e-01
8.108547925949096680e-01
9.308778643608093262e-01
9.089496135711669922e-01
7.913542985916137695e-01
7.006652951240539551e-01
9.589837193489074707e-01
8.187996745109558105e-01
7.230480313301086426e-01
1.093057394027709961e+00
1.020215392112731934e+00
9.147528409957885742e-01
9.218895435333251953e-01
7.837683558464050293e-01
7.551966905593872070e-01
8.956105113029479980e-01
8.153914213180541992e-01
8.825536370277404785e-01
8.403317332267761230e-01
9.076532125473022461e-01
8.322613835334777832e-01
7.449734807014465332e-01
8.089506030082702637e-01
1.048989057540893555e+00
8.971066474914550781e-01
8.310947418212890625e-01
9.371924996376037598e-01
8.952184319496154785e-01
7.778974175453186035e-01
9.655269980430603027e-01
7.116108536720275879e-01
7.438310384750366211e-01
8.039562106132507324e-01
9.175007939338684082e-01
8.513978123664855957e-01
7.061778903007507324e-01
9.976102113723754883e-01
8.222889900207519531e-01
1.034624695777893066e+00
7.625931501388549805e-01
7.324524521827697754e-01
9.254708290100097656e-01
9.368339180946350098e-01
8.594245910644531250e-01
7.736716270446777344e-01
9.379864335060119629e-01
7.047122716903686523e-01
8.185803890228271484e-01
1.157597780227661133e+00
8.212620615959167480e-01
8.052967190742492676e-01
8.684687614440917969e-01
7.317270040512084961e-01
8.290623426437377930e-01
6.671290993690490723e-01
7.572910785675048828e-01
7.259590029716491699e-01
7.950036525726318359e-01
9.581615924835205078e-01
9.283412098884582520e-01
1.089496970176696777e+00
1.050075054168701172e+00
9.266507625579833984e-01
8.299005031585693359e-01
9.232481122016906738e-01
9.060035347938537598e-01
9.198762774467468262e-01
7.874795198440551758e-01
7.253780961036682129e-01
7.962245941162109375e-01
7.618107199668884277e-01
7.953305244445800781e-01
8.090486526489257812e-01
7.266197800636291504e-01
9.423906207084655762e-01
6.725926995277404785e-01
8.818534612655639648e-01
1.016662240028381348e+00
9.359360337257385254e-01
8.370187878608703613e-01
6.676192283630371094e-01
9.059640765190124512e-01
8.743999600410461426e-01
8.177435994148254395e-01
7.433776855468750000e-01
7.318477630615234375e-01
7.770939469337463379e-01
8.329446315765380859e-01
1.097579479217529297e+00
1.019575834274291992e+00
8.216691613197326660e-01
1.068366050720214844e+00
9.340546727180480957e-01
7.527594566345214844e-01
7.931611537933349609e-01
7.190376520156860352e-01
7.991523146629333496e-01
7.858817577362060547e-01
8.816078901290893555e-01
7.337100505828857422e-01
8.155853748321533203e-01
9.896078109741210938e-01
8.327616453170776367e-01
7.841063737869262695e-01
1.063098430633544922e+00
1.088481783866882324e+00
9.613122940063476562e-01
9.611494541168212891e-01
9.345478415489196777e-01
8.767911791801452637e-01
8.496730923652648926e-01
7.775546312332153320e-01
9.260894656181335449e-01
8.404248952865600586e-01
8.356829881668090820e-01
7.621795535087585449e-01
8.950356245040893555e-01
9.754047989845275879e-01
1.068322896957397461e+00
1.055723428726196289e+00
1.053647398948669434e+00
7.362701296806335449e-01
8.206884860992431641e-01
7.624677419662475586e-01
8.348767161369323730e-01
9.417760372161865234e-01
6.775048971176147461e-01
1.256465196609497070e+00
9.737128019332885742e-01
8.278458118438720703e-01
6.890406608581542969e-01
8.855679631233215332e-01
9.198006391525268555e-01
8.944551348686218262e-01
9.899541735649108887e-01
8.171988725662231445e-01
9.123908281326293945e-01
8.115695118904113770e-01
8.042237162590026855e-01
9.292868971824645996e-01
8.081371784210205078e-01
7.146956324577331543e-01
8.968053460121154785e-01
9.215121269226074219e-01
7.582166790962219238e-01
7.508479356765747070e-01
6.983612179756164551e-01
8.663297891616821289e-01
8.522712588310241699e-01
6.748782992362976074e-01
8.148663640022277832e-01
8.433206677436828613e-01
1.048159360885620117e+00
9.512267708778381348e-01
7.312937974929809570e-01
8.898510336875915527e-01
9.742938280105590820e-01
8.682421445846557617e-01
1.117143988609313965e+00
8.115926384925842285e-01
8.769451379776000977e-01
9.261490702629089355e-01
7.026851177215576172e-01
7.575298547744750977e-01
1.033343315124511719e+00
8.959193825721740723e-01
7.659654021263122559e-01
9.165427684783935547e-01
8.541246056556701660e-01
9.070785045623779297e-01
7.338894605636596680e-01
1.001807689666748047e+00
8.630665540695190430e-01
7.234371304512023926e-01
8.104841709136962891e-01
7.661496996879577637e-01
8.160907030105590820e-01
1.053494691848754883e+00
8.963494300842285156e-01
8.258424997329711914e-01
8.557977080345153809e-01
1.226088881492614746e+00
7.591258287429809570e-01
8.303186893463134766e-01
9.426290392875671387e-01
9.790239930152893066e-01
1.051389455795288086e+00
9.396332502365112305e-01
8.808261156082153320e-01
8.089563846588134766e-01
7.187149524688720703e-01
8.741911053657531738e-01
8.620281815528869629e-01
8.972471952438354492e-01
8.360946774482727051e-01
1.080863595008850098e+00
8.306788206100463867e-01
8.900470733642578125e-01
9.724060297012329102e-01
8.912166953086853027e-01
8.094007968902587891e-01
8.153760433197021484e-01
7.457360625267028809e-01
8.582435846328735352e-01
1.018006563186645508e+00
8.304452896118164062e-01
1.030080556869506836e+00
8.971636295318603516e-01
7.444943189620971680e-01
5.985187888145446777e-01
9.501897692680358887e-01
6.806460022926330566e-01
7.930805087089538574e-01
7.777708172798156738e-01
7.594310641288757324e-01
9.848738312721252441e-01
8.081536293029785156e-01
9.376095533370971680e-01
7.921543717384338379e-01
7.935960888862609863e-01
9.274289011955261230e-01
8.959075808525085449e-01
9.144985675811767578e-01
8.435040712356567383e-01
8.863565325736999512e-01
8.284237384796142578e-01
7.844902276992797852e-01
8.441239595413208008e-01
9.317647218704223633e-01
1.032302498817443848e+00
8.689119815826416016e-01
9.187791347503662109e-01
7.452054619789123535e-01
9.420953989028930664e-01
7.476996779441833496e-01
9.057037234306335449e-01
6.608451604843139648e-01
9.371143579483032227e-01
8.056310415267944336e-01
7.472466230392456055e-01
9.660023450851440430e-01
8.562382459640502930e-01
8.544855117797851562e-01
8.692336678504943848e-01
1.011817336082458496e+00
9.948804378509521484e-01
8.190956115722656250e-01
8.387252688407897949e-01
8.450921177864074707e-01
9.463544487953186035e-01
9.225164651870727539e-01
9.357228875160217285e-01
6.716436743736267090e-01
8.792155385017395020e-01
9.292382001876831055e-01
7.840191721916198730e-01
1.061987400054931641e+00
8.636722564697265625e-01
1.025128602981567383e+00
9.107488393783569336e-01
8.343791365623474121e-01
8.247736692428588867e-01
7.090831995010375977e-01
8.763125538825988770e-01
7.861354947090148926e-01
9.962428212165832520e-01
7.144496440887451172e-01
9.394233226776123047e-01
6.272744536399841309e-01
8.645311594009399414e-01
9.261662960052490234e-01
1.034817934036254883e+00
9.947485923767089844e-01
8.654600977897644043e-01
9.981885552406311035e-01
7.928686738014221191e-01
7.840760350227355957e-01
7.660843729972839355e-01
7.594678401947021484e-01
9.999690651893615723e-01
8.988549113273620605e-01
8.252828121185302734e-01
7.951679825782775879e-01
7.533277869224548340e-01
7.156604528427124023e-01
9.946305155754089355e-01
6.489710807800292969e-01
6.958853006362915039e-01
8.595834970474243164e-01
7.631282806396484375e-01
1.136735439300537109e+00
8.362160921096801758e-01
7.924711704254150391e-01
8.752095103263854980e-01
8.246271014213562012e-01
7.129110097885131836e-01
1.049083471298217773e+00
9.995421767234802246e-01
9.351754188537597656e-01
8.617437481880187988e-01
6.719478964805603027e-01
8.344615697860717773e-01
8.284265995025634766e-01
8.170880675315856934e-01
9.024084806442260742e-01
9.005019664764404297e-01
9.102959632873535156e-01
8.972327709197998047e-01
8.428266644477844238e-01
8.226592540740966797e-01
7.767293453216552734e-01
8.835748434066772461e-01
7.523814439773559570e-01
7.778441309928894043e-01
7.982153296470642090e-01
7.937480807304382324e-01
8.444229364395141602e-01
9.938551187515258789e-01
1.006473541259765625e+00
1.035590887069702148e+00
9.168660640716552734e-01
8.121358156204223633e-01
9.067183732986450195e-01
7.806491851806640625e-01
8.077663779258728027e-01
6.810590624809265137e-01
9.543271660804748535e-01
8.217405080795288086e-01
9.480338096618652344e-01
7.022278904914855957e-01
6.879714131355285645e-01
8.914589881896972656e-01
1.004070520401000977e+00
7.468222975730895996e-01
5.694634914398193359e-01
8.750096559524536133e-01
6.562510728836059570e-01
8.006755113601684570e-01
1.069923996925354004e+00
7.493640184402465820e-01
1.050922989845275879e+00
8.674175143241882324e-01
9.791216254234313965e-01
8.229491710662841797e-01
6.761743426322937012e-01
8.536912202835083008e-01
7.197102308273315430e-01
8.951519131660461426e-01
8.079696893692016602e-01
7.048326730728149414e-01
8.055061697959899902e-01
7.811145186424255371e-01
7.235657572746276855e-01
7.299355268478393555e-01
8.405698537826538086e-01
7.271111607551574707e-01
8.760870099067687988e-01
7.980475425720214844e-01
1.043701648712158203e+00
7.192773818969726562e-01
1.149018287658691406e+00
7.459295392036437988e-01
6.449745893478393555e-01
7.508831620216369629e-01
9.741889834403991699e-01
8.455873131752014160e-01
8.157246112823486328e-01
8.543763160705566406e-01
8.780756592750549316e-01
8.843504190444946289e-01
1.056493401527404785e+00
1.074734687805175781e+00
7.489814758300781250e-01
8.633994460105895996e-01
8.276790380477905273e-01
9.705188274383544922e-01
8.085959553718566895e-01
9.291168451309204102e-01
8.308191895484924316e-01
8.762573003768920898e-01
8.198018074035644531e-01
9.937682151794433594e-01
8.624285459518432617e-01
8.048220276832580566e-01
7.596166729927062988e-01
8.000203967094421387e-01
8.628391623497009277e-01
7.806745767593383789e-01
7.489964365959167480e-01
7.339972853660583496e-01
7.665683627128601074e-01
8.749430179595947266e-01
7.754103541374206543e-01
1.025991797447204590e+00
1.016720414161682129e+00
7.951885461807250977e-01
8.811756968498229980e-01
6.551933884620666504e-01
9.404168128967285156e-01
8.273996114730834961e-01
1.028323888778686523e+00
7.142611145973205566e-01
8.613585829734802246e-01
9.956163167953491211e-01
1.071722269058227539e+00
1.055362939834594727e+00
9.547550082206726074e-01
8.038736581802368164e-01
8.653677701950073242e-01
9.777730703353881836e-01
8.847088217735290527e-01
8.563876152038574219e-01
7.949531078338623047e-01
9.649320840835571289e-01
9.593651294708251953e-01
8.590427637100219727e-01
8.393867015838623047e-01
7.762382030487060547e-01
8.260629177093505859e-01
7.462661862373352051e-01
1.041527032852172852e+00
1.032878994941711426e+00
8.133583664894104004e-01
7.782384753227233887e-01
7.455207109451293945e-01
8.439244031906127930e-01
9.817457795143127441e-01
8.950567841529846191e-01
7.474451065063476562e-01
7.311273813247680664e-01
7.976973652839660645e-01
1.070821881294250488e+00
9.379992485046386719e-01
7.961738109588623047e-01
7.024635076522827148e-01
9.568982720375061035e-01
8.450381755828857422e-01
1.034504413604736328e+00
8.192847371101379395e-01
7.942775487899780273e-01
7.813931107521057129e-01
8.451101779937744141e-01
8.486598730087280273e-01
9.473764300346374512e-01
9.272866249084472656e-01
8.984524011611938477e-01
8.413780331611633301e-01
8.446809649467468262e-01
6.115378141403198242e-01
9.169161319732666016e-01
7.655539512634277344e-01
1.016058921813964844e+00
9.534162878990173340e-01
1.062240123748779297e+00
9.463974833488464355e-01
1.004965901374816895e+00
8.649016618728637695e-01
7.664850950241088867e-01
7.278067469596862793e-01
9.082078933715820312e-01
7.879587411880493164e-01
7.563023567199707031e-01
9.274079203605651855e-01
8.548442721366882324e-01
8.251329064369201660e-01
8.551573157310485840e-01
9.897888898849487305e-01
9.164250493049621582e-01
7.629101276397705078e-01
9.410328865051269531e-01
8.190664649009704590e-01
7.584682106971740723e-01
7.797235846519470215e-01
9.285776615142822266e-01
8.034759759902954102e-01
7.315876483917236328e-01
9.406701922416687012e-01
8.829613924026489258e-01
6.863785386085510254e-01
1.165934324264526367e+00
7.161323428153991699e-01
8.747497797012329102e-01
6.576576232910156250e-01
8.522648215293884277e-01
8.323006033897399902e-01
9.229769706726074219e-01
7.044449448585510254e-01
7.967192530632019043e-01
7.327250838279724121e-01
8.993612527847290039e-01
7.234957814216613770e-01
7.574146389961242676e-01
9.935213923454284668e-01
1.089501500129699707e+00
7.906916141510009766e-01
8.442739248275756836e-01
7.650505900382995605e-01
7.759253978729248047e-01
9.270529747009277344e-01
7.755411267280578613e-01
8.062241673469543457e-01
8.756049275398254395e-01
9.322393536567687988e-01
8.460566401481628418e-01
9.771440625190734863e-01
8.391382694244384766e-01
6.897284984588623047e-01
9.509222507476806641e-01
7.645231485366821289e-01
8.553930521011352539e-01
9.650852680206298828e-01
1.159427642822265625e+00
7.827724218368530273e-01
7.597839832305908203e-01
8.499197959899902344e-01
8.570106029510498047e-01
7.742279767990112305e-01
8.081233501434326172e-01
8.243785500526428223e-01
7.635291218757629395e-01
8.203719854354858398e-01
9.877267479896545410e-01
8.713130354881286621e-01
9.022577404975891113e-01
1.018822908401489258e+00
7.888556718826293945e-01
9.821358919143676758e-01
8.029607534408569336e-01
9.188850522041320801e-01
9.121748805046081543e-01
8.240391612052917480e-01
9.410129785537719727e-01
7.185003757476806641e-01
9.664734601974487305e-01
7.896684408187866211e-01
7.255057096481323242e-01
8.918815255165100098e-01
7.543114423751831055e-01
8.253762722015380859e-01
7.427293658256530762e-01
6.274953484535217285e-01
8.265999555587768555e-01
5.628296732902526855e-01
7.304285764694213867e-01
1.074520707130432129e+00
1.010049939155578613e+00
8.419495820999145508e-01
8.444010615348815918e-01
7.342503070831298828e-01
9.304304122924804688e-01
1.024532675743103027e+00
6.173835992813110352e-01
7.366480827331542969e-01
7.353317737579345703e-01
8.503216505050659180e-01
7.575727701187133789e-01
8.758943676948547363e-01
8.778872489929199219e-01
6.889294981956481934e-01
6.967942118644714355e-01
7.244264483451843262e-01
7.982739210128784180e-01
6.833541393280029297e-01
9.349377751350402832e-01
9.538203477859497070e-01
8.671215772628784180e-01
7.529479265213012695e-01
8.154855370521545410e-01
8.565496802330017090e-01
7.122635245323181152e-01
7.413882613182067871e-01
1.127534866333007812e+00
9.227246642112731934e-01
8.650329709053039551e-01
1.019451498985290527e+00
8.519713878631591797e-01
8.594195842742919922e-01
1.032549142837524414e+00
8.774593472480773926e-01
7.663010954856872559e-01
9.380828738212585449e-01
9.188782572746276855e-01
8.690637350082397461e-01
8.843927979469299316e-01
9.121378064155578613e-01
7.836346030235290527e-01
7.173876762390136719e-01
7.701039910316467285e-01
9.390680789947509766e-01
7.716193795204162598e-01
6.525012850761413574e-01
6.128634810447692871e-01
9.523025155067443848e-01
8.607537746429443359e-01
8.053525686264038086e-01
9.551360011100769043e-01
1.108887076377868652e+00
8.160610795021057129e-01
1.014933466911315918e+00
7.656086087226867676e-01
6.635686755180358887e-01
9.847163558006286621e-01
9.053172469139099121e-01
8.441980481147766113e-01
7.768510580062866211e-01
7.745509743690490723e-01
9.156162738800048828e-01
9.631167054176330566e-01
9.090398550033569336e-01
8.637495636940002441e-01
8.916633129119873047e-01
7.493642568588256836e-01
7.480058073997497559e-01
7.421959638595581055e-01
1.026662349700927734e+00
1.024240732192993164e+00
1.052989244461059570e+00
1.015712738037109375e+00
7.197878360748291016e-01
6.532607078552246094e-01
8.300562500953674316e-01
9.126663208007812500e-01
7.501972913742065430e-01
9.691081643104553223e-01
7.004112005233764648e-01
1.136293649673461914e+00
8.840493559837341309e-01
9.569758772850036621e-01
9.419209957122802734e-01
6.915748715400695801e-01
9.209210276603698730e-01
8.513771891593933105e-01
7.064876556396484375e-01
7.361217141151428223e-01
8.061147332191467285e-01
7.616287469863891602e-01
8.463890552520751953e-01
6.178820133209228516e-01
8.035571575164794922e-01
6.545363664627075195e-01
9.300486445426940918e-01
6.095831990242004395e-01
9.967544078826904297e-01
1.065373778343200684e+00
7.560085058212280273e-01
9.986820220947265625e-01
8.921603560447692871e-01
6.816836595535278320e-01
7.525875568389892578e-01
7.397968173027038574e-01
8.787800073623657227e-01
8.659355640411376953e-01
7.827973365783691406e-01
7.133445739746093750e-01
7.493791580200195312e-01
7.966487407684326172e-01
7.094838619232177734e-01
7.309943437576293945e-01
8.469666838645935059e-01
7.717593908309936523e-01
8.635209798812866211e-01
8.742769360542297363e-01
8.479551672935485840e-01
8.371841907501220703e-01
8.973551392555236816e-01
7.757875919342041016e-01
1.061234354972839355e+00
8.742293715476989746e-01
1.092413187026977539e+00
8.153853416442871094e-01
8.105598092079162598e-01
7.250084877014160156e-01
9.745239019393920898e-01
7.533300518989562988e-01
7.609871625900268555e-01
8.335692286491394043e-01
8.725688457489013672e-01
9.271809458732604980e-01
8.477233052253723145e-01
9.676943421363830566e-01
8.951469659805297852e-01
9.691941142082214355e-01
8.472054004669189453e-01
9.510010480880737305e-01
8.866169452667236328e-01
8.398307561874389648e-01
6.760401129722595215e-01
8.603765964508056641e-01
9.184403419494628906e-01
8.275530338287353516e-01
8.635727167129516602e-01
9.239429235458374023e-01
8.568013310432434082e-01
8.972579836845397949e-01
8.433762788772583008e-01
8.748488426208496094e-01
7.516914010047912598e-01
6.373863220214843750e-01
9.313465952873229980e-01
8.496018648147583008e-01
8.725706338882446289e-01
7.106149792671203613e-01
6.922646760940551758e-01
9.614521861076354980e-01
9.400751590728759766e-01
7.479899525642395020e-01
8.774306774139404297e-01
9.133697748184204102e-01
9.989154934883117676e-01
7.573952674865722656e-01
7.496733069419860840e-01
6.891042590141296387e-01
8.918467164039611816e-01
1.066198945045471191e+00
8.574855923652648926e-01
7.861387729644775391e-01
7.183433175086975098e-01
1.016235589981079102e+00
7.435914278030395508e-01
9.817152023315429688e-01
7.343508005142211914e-01
9.169280529022216797e-01
8.305857181549072266e-01
6.543467044830322266e-01
6.462184190750122070e-01
5.414677262306213379e-01
1.003486990928649902e+00
8.556690216064453125e-01
7.130061984062194824e-01
8.125631809234619141e-01
6.401811838150024414e-01
1.138485074043273926e+00
8.301707506179809570e-01
8.664610981941223145e-01
8.117704987525939941e-01
9.744395017623901367e-01
7.018427848815917969e-01
9.050486087799072266e-01
1.018721818923950195e+00
8.050788640975952148e-01
8.019714951515197754e-01
9.388875365257263184e-01
9.450461864471435547e-01
9.267857074737548828e-01
9.002599120140075684e-01
7.629789113998413086e-01
8.658948540687561035e-01
8.048205375671386719e-01
9.157193303108215332e-01
8.528369069099426270e-01
6.766472458839416504e-01
7.338661551475524902e-01
7.551241517066955566e-01
1.067231893539428711e+00
8.549884557723999023e-01
6.359881758689880371e-01
8.493520617485046387e-01
6.864768266677856445e-01
7.608107328414916992e-01
8.845604658126831055e-01
9.618129730224609375e-01
8.256859779357910156e-01
8.847514986991882324e-01
7.442780733108520508e-01
8.094695210456848145e-01
8.156530261039733887e-01
8.665943145751953125e-01
7.742196917533874512e-01
7.214747071266174316e-01
6.183805465698242188e-01
9.133291244506835938e-01
7.052276134490966797e-01
8.041611909866333008e-01
8.432223200798034668e-01
9.131056070327758789e-01
7.731299400329589844e-01
8.391274809837341309e-01
7.633427977561950684e-01
1.093877673149108887e+00
7.958086133003234863e-01
6.817251443862915039e-01
7.324815392494201660e-01
7.191852927207946777e-01
6.691709756851196289e-01
9.190499782562255859e-01
7.173107266426086426e-01
7.704048752784729004e-01
6.224457025527954102e-01
9.866145253181457520e-01
9.877734780311584473e-01
6.339008212089538574e-01
8.846860527992248535e-01
8.719393610954284668e-01
8.648380041122436523e-01
7.333589196205139160e-01
6.861188411712646484e-01
9.284916520118713379e-01
8.689752817153930664e-01
7.723486423492431641e-01
7.721101641654968262e-01
9.667301177978515625e-01
7.826929688453674316e-01
6.216682195663452148e-01
7.865171432495117188e-01
9.686050415039062500e-01
1.015040874481201172e+00
8.435568809509277344e-01
7.797307372093200684e-01
9.439718723297119141e-01
7.904268503189086914e-01
8.874346613883972168e-01
1.006140232086181641e+00
8.554193377494812012e-01
8.600124716758728027e-01
8.355468511581420898e-01
7.754196524620056152e-01
1.103840589523315430e+00
1.091843962669372559e+00
8.037815690040588379e-01
8.897940516471862793e-01
9.896646142005920410e-01
8.307662010192871094e-01
7.089146971702575684e-01
8.176809549331665039e-01
7.513340711593627930e-01
8.660330772399902344e-01
8.050882220268249512e-01
8.267154693603515625e-01
8.077785372734069824e-01
7.859551906585693359e-01
8.934751152992248535e-01
7.694707512855529785e-01
7.806273102760314941e-01
8.594875335693359375e-01
8.571996092796325684e-01
7.903521060943603516e-01
8.160890936851501465e-01
7.734379768371582031e-01
6.596839427947998047e-01
9.510050415992736816e-01
7.490434646606445312e-01
7.426826357841491699e-01
8.561116456985473633e-01
8.308619260787963867e-01
6.960265636444091797e-01
7.600995302200317383e-01
7.264766693115234375e-01
8.959785699844360352e-01
8.006887435913085938e-01
6.756600737571716309e-01
6.616214513778686523e-01
7.983657121658325195e-01
6.352512240409851074e-01
8.017004132270812988e-01
8.288626074790954590e-01
1.137650966644287109e+00
8.603726625442504883e-01
7.548441886901855469e-01
9.655365347862243652e-01
9.518921971321105957e-01
9.561594724655151367e-01
7.500412464141845703e-01
9.150663018226623535e-01
9.823961853981018066e-01
8.519187569618225098e-01
8.421387672424316406e-01
8.283028006553649902e-01
9.284006953239440918e-01
9.482324123382568359e-01
8.256314396858215332e-01
8.405442833900451660e-01
8.611438274383544922e-01
7.804230451583862305e-01
7.078217864036560059e-01
7.270913720130920410e-01
7.874550819396972656e-01
9.962961077690124512e-01
8.010799288749694824e-01
6.645989418029785156e-01
8.126809597015380859e-01
7.649332284927368164e-01
6.491450071334838867e-01
6.806762218475341797e-01
6.498317122459411621e-01
8.737085461616516113e-01
9.357657432556152344e-01
8.851416707038879395e-01
8.442298173904418945e-01
8.258084058761596680e-01
7.944916486740112305e-01
6.851512193679809570e-01
9.523374438285827637e-01
8.319078683853149414e-01
1.000808715820312500e+00
8.037164807319641113e-01
8.554316759109497070e-01
6.821765303611755371e-01
9.039697051048278809e-01
9.545933008193969727e-01
7.705649137496948242e-01
7.341006994247436523e-01
9.152552485466003418e-01
7.274382710456848145e-01
1.096530914306640625e+00
8.816422224044799805e-01
6.786625981330871582e-01
9.142617583274841309e-01
9.437741637229919434e-01
9.051442146301269531e-01
6.571497321128845215e-01
7.598688602447509766e-01
7.885857224464416504e-01
8.176175355911254883e-01
8.642138242721557617e-01
9.420447349548339844e-01
8.306135535240173340e-01
8.260946869850158691e-01
7.112703919410705566e-01
7.904035449028015137e-01
6.796748638153076172e-01
7.662290930747985840e-01
9.668394327163696289e-01
7.231573462486267090e-01
9.152582287788391113e-01
1.073176741600036621e+00
7.812343835830688477e-01
7.225225567817687988e-01
8.097277879714965820e-01
7.380079627037048340e-01
7.946328520774841309e-01
8.619378209114074707e-01
1.123742938041687012e+00
7.943786978721618652e-01
8.246321082115173340e-01
7.259345054626464844e-01
8.325421214103698730e-01
7.237266302108764648e-01
8.182500600814819336e-01
7.428267002105712891e-01
8.634468317031860352e-01
7.706696391105651855e-01
7.416492104530334473e-01
8.649392724037170410e-01
8.612481951713562012e-01
7.721388936042785645e-01
7.787614464759826660e-01
6.711816787719726562e-01
1.167680978775024414e+00
6.440189480781555176e-01
6.340910792350769043e-01
6.474075317382812500e-01
8.008764982223510742e-01
9.592494964599609375e-01
8.141996264457702637e-01
1.218031287193298340e+00
8.145825862884521484e-01
8.695821166038513184e-01
9.564392566680908203e-01
8.671003580093383789e-01
8.733906149864196777e-01
7.369933724403381348e-01
8.464679121971130371e-01
1.137167930603027344e+00
6.880307793617248535e-01
8.292574286460876465e-01
7.264995574951171875e-01
7.459706664085388184e-01
7.457239627838134766e-01
8.320183753967285156e-01
8.161247968673706055e-01
7.533891201019287109e-01
7.738137245178222656e-01
8.944571614265441895e-01
6.262283325195312500e-01
9.187275171279907227e-01
9.132395386695861816e-01
9.198369383811950684e-01
8.703944683074951172e-01
9.218496680259704590e-01
5.901129245758056641e-01
7.337396740913391113e-01
7.600910067558288574e-01
7.179278731346130371e-01
6.829695701599121094e-01
8.626598119735717773e-01
7.764586806297302246e-01
7.438297271728515625e-01
9.568997621536254883e-01
8.427922129631042480e-01
8.783442974090576172e-01
8.850383162498474121e-01
7.933288216590881348e-01
6.742443442344665527e-01
7.452539205551147461e-01
1.001027703285217285e+00
6.689962148666381836e-01
8.306919932365417480e-01
8.585165739059448242e-01
9.120212197303771973e-01
7.291873097419738770e-01
9.775066375732421875e-01
8.518186807632446289e-01
9.552928805351257324e-01
8.203300237655639648e-01
7.517092227935791016e-01
7.381154298782348633e-01
6.381677985191345215e-01
8.613314628601074219e-01
8.281133770942687988e-01
9.152950644493103027e-01
7.936729788780212402e-01
7.759444117546081543e-01
9.732542634010314941e-01
8.306278586387634277e-01
7.187582254409790039e-01
8.936576843261718750e-01
9.040606617927551270e-01
1.003949642181396484e+00
8.826416730880737305e-01
9.457314610481262207e-01
9.599608778953552246e-01
1.051279425621032715e+00
9.145280122756958008e-01
8.519254922866821289e-01
8.141400814056396484e-01
9.278702735900878906e-01
7.627332806587219238e-01
8.485351800918579102e-01
7.913662195205688477e-01
9.294891357421875000e-01
8.820001482963562012e-01
7.850993871688842773e-01
7.686239480972290039e-01
8.470432162284851074e-01
7.709601521492004395e-01
8.214395046234130859e-01
5.933399796485900879e-01
7.719251513481140137e-01
8.719468712806701660e-01
7.377635240554809570e-01
9.295511245727539062e-01
7.251563072204589844e-01
1.026997566223144531e+00
9.074518680572509766e-01
1.002950549125671387e+00
7.959474921226501465e-01
7.712671756744384766e-01
8.169134259223937988e-01
7.539246082305908203e-01
8.675290346145629883e-01
7.089369297027587891e-01
8.203168511390686035e-01
9.394918084144592285e-01
1.000461459159851074e+00
7.526634931564331055e-01
7.606840133666992188e-01
9.640253782272338867e-01
6.663197875022888184e-01
6.836495399475097656e-01
1.042712688446044922e+00
8.067231178283691406e-01
1.021748185157775879e+00
8.144546151161193848e-01
7.704640626907348633e-01
8.872759938240051270e-01
7.911160588264465332e-01
5.550869703292846680e-01
6.967177391052246094e-01
9.090926647186279297e-01
8.266261816024780273e-01
7.711145877838134766e-01
9.154027104377746582e-01
9.676580429077148438e-01
1.043320059776306152e+00
9.548779726028442383e-01
9.240536093711853027e-01
7.308298349380493164e-01
7.860543727874755859e-01
8.426541686058044434e-01
7.595034241676330566e-01
7.862261533737182617e-01
8.020865321159362793e-01
1.006489872932434082e+00
7.958279848098754883e-01
8.349200487136840820e-01
6.681539416313171387e-01
7.895008921623229980e-01
7.159367799758911133e-01
6.985856890678405762e-01
6.959916949272155762e-01
8.573465347290039062e-01
5.791322588920593262e-01
4.964040517807006836e-01
7.164093255996704102e-01
5.744357705116271973e-01
1.063735842704772949e+00
1.381685256958007812e+00
7.947437763214111328e-01
6.646819710731506348e-01
5.511634945869445801e-01
7.253727316856384277e-01
6.874315738677978516e-01
1.034506201744079590e+00
7.015691399574279785e-01
7.901951074600219727e-01
9.416525363922119141e-01
7.816073298454284668e-01
7.966263294219970703e-01
8.864791393280029297e-01
7.258934974670410156e-01
9.218966960906982422e-01
8.500987887382507324e-01
9.873110055923461914e-01
7.968940138816833496e-01
8.042964935302734375e-01
7.431640028953552246e-01
8.452824950218200684e-01
7.238805294036865234e-01
7.799842953681945801e-01
7.379471063613891602e-01
8.085838556289672852e-01
8.366981744766235352e-01
6.852384209632873535e-01
8.385376334190368652e-01
9.105011224746704102e-01
7.631494998931884766e-01
7.649294137954711914e-01
1.070231556892395020e+00
9.856422543525695801e-01
5.733416080474853516e-01
9.079217910766601562e-01
7.635700702667236328e-01
8.969542384147644043e-01
8.821439146995544434e-01
9.161711335182189941e-01
8.309432268142700195e-01
6.933571100234985352e-01
6.838197112083435059e-01
7.337185740470886230e-01
7.673362493515014648e-01
6.830544471740722656e-01
8.652449250221252441e-01
7.444376349449157715e-01
6.575497984886169434e-01
7.236688137054443359e-01
7.578077316284179688e-01
1.017773747444152832e+00
6.954180598258972168e-01
8.394841551780700684e-01
7.494021058082580566e-01
7.163153886795043945e-01
9.668825268745422363e-01
8.374159336090087891e-01
8.589584827423095703e-01
7.385342717170715332e-01
7.506043910980224609e-01
6.910893917083740234e-01
8.173567056655883789e-01
7.548957467079162598e-01
1.007012844085693359e+00
7.695691585540771484e-01
7.259946465492248535e-01
6.842790246009826660e-01
8.244510293006896973e-01
7.302930355072021484e-01
6.736837029457092285e-01
7.385959625244140625e-01
6.946620345115661621e-01
8.225540518760681152e-01
8.961948156356811523e-01
8.437594771385192871e-01
1.021624565124511719e+00
7.008264064788818359e-01
7.780662178993225098e-01
9.043093323707580566e-01
8.255258798599243164e-01
8.805342912673950195e-01
8.405449986457824707e-01
7.633848786354064941e-01
6.513476371765136719e-01
7.399482131004333496e-01
8.633649349212646484e-01
8.081306815147399902e-01
6.310539841651916504e-01
6.212771534919738770e-01
8.427005410194396973e-01
8.404164910316467285e-01
7.458904981613159180e-01
1.168252468109130859e+00
6.884689927101135254e-01
8.314818143844604492e-01
9.670184850692749023e-01
7.716515064239501953e-01
8.358835577964782715e-01
9.770388603210449219e-01
8.095737695693969727e-01
9.353940486907958984e-01
8.573164939880371094e-01
8.260073065757751465e-01
8.899895548820495605e-01
9.190284609794616699e-01
8.818497061729431152e-01
7.378519177436828613e-01
8.114572763442993164e-01
7.944248318672180176e-01
9.234837293624877930e-01
9.348489046096801758e-01
7.953007817268371582e-01
7.800710201263427734e-01
8.793839216232299805e-01
8.317687511444091797e-01
8.312087655067443848e-01
9.155515432357788086e-01
9.850338697433471680e-01
6.918740272521972656e-01
1.028472065925598145e+00
6.853778362274169922e-01
7.407425642013549805e-01
6.679231524467468262e-01
7.719167470932006836e-01
7.947566509246826172e-01
7.581974864006042480e-01
9.479938149452209473e-01
6.900991201400756836e-01
8.883420825004577637e-01
7.767293453216552734e-01
8.864506483078002930e-01
9.932816028594970703e-01
6.425561904907226562e-01
9.834312796592712402e-01
8.599175810813903809e-01
8.237283825874328613e-01
6.765153408050537109e-01
9.093768000602722168e-01
7.315358519554138184e-01
