1.085454702377319336e+00
1.060409784317016602e+00
1.062007904052734375e+00
1.027927875518798828e+00
9.750257730484008789e-01
1.081082224845886230e+00
7.788461446762084961e-01
9.341518878936767578e-01
8.431113958358764648e-01
8.803530931472778320e-01
9.256127476692199707e-01
8.850187063217163086e-01
1.009666085243225098e+00
7.934941649436950684e-01
9.179697036743164062e-01
9.626109600067138672e-01
9.925124645233154297e-01
8.184697628021240234e-01
9.916143417358398438e-01
8.974590897560119629e-01
9.836011528968811035e-01
1.001512050628662109e+00
7.404449582099914551e-01
7.744598984718322754e-01
6.984771490097045898e-01
9.393393993377685547e-01
9.710987210273742676e-01
9.456214904785156250e-01
8.593062162399291992e-01
7.927414774894714355e-01
9.367454051971435547e-01
7.722183465957641602e-01
8.845161795616149902e-01
7.619512677192687988e-01
9.368399977684020996e-01
9.064989686012268066e-01
9.938715696334838867e-01
1.113030076026916504e+00
1.014969110488891602e+00
9.340486526489257812e-01
8.020949959754943848e-01
8.573103547096252441e-01
9.251375198364257812e-01
8.519479632377624512e-01
8.364340662956237793e-01
9.495525956153869629e-01
8.631294965744018555e-01
9.372033476829528809e-01
9.468536972999572754e-01
8.406036496162414551e-01
9.310056567192077637e-01
1.034595966339111328e+00
7.462292909622192383e-01
1.015499114990234375e+00
8.626916408538818359e-01
1.031441569328308105e+00
7.764798998832702637e-01
8.594697117805480957e-01
7.858684659004211426e-01
8.562490344047546387e-01
9.187198281288146973e-01
9.672223925590515137e-01
9.066350460052490234e-01
8.177784681320190430e-01
1.049029350280761719e+00
7.930966615676879883e-01
6.931035518646240234e-01
9.138406515121459961e-01
8.713805079460144043e-01
9.087023138999938965e-01
1.009704828262329102e+00
1.025415658950805664e+00
7.778992056846618652e-01
7.714471817016601562e-01
8.077795505523681641e-01
7.806338071823120117e-01
8.787335157394409180e-01
9.246687293052673340e-01
1.028023600578308105e+00
8.689180016517639160e-01
1.105200409889221191e+00
7.626549601554870605e-01
9.431200027465820312e-01
8.708735704421997070e-01
7.987471222877502441e-01
8.472027778625488281e-01
8.437927365303039551e-01
7.037620544433593750e-01
8.704485893249511719e-01
9.792312979698181152e-01
9.001969695091247559e-01
1.059771299362182617e+00
9.442392587661743164e-01
1.121860504150390625e+00
7.574723362922668457e-01
8.359849452972412109e-01
1.122194886207580566e+00
8.503660559654235840e-01
9.323287606239318848e-01
8.441890478134155273e-01
8.816275596618652344e-01
9.306735992431640625e-01
9.070184230804443359e-01
8.140777349472045898e-01
9.042446613311767578e-01
9.742842912673950195e-01
7.613556385040283203e-01
8.985065221786499023e-01
9.031136631965637207e-01
9.161713123321533203e-01
9.006472826004028320e-01
9.201902151107788086e-01
7.151547670364379883e-01
7.712396383285522461e-01
9.504150748252868652e-01
9.262185096740722656e-01
1.010356664657592773e+00
7.859649658203125000e-01
7.188165783882141113e-01
6.977896690368652344e-01
8.030180335044860840e-01
7.979246377944946289e-01
9.127077460289001465e-01
8.891302943229675293e-01
9.963372945785522461e-01
9.612094163894653320e-01
8.867741823196411133e-01
1.000985980033874512e+00
7.399229407310485840e-01
9.032576680183410645e-01
8.318839073181152344e-01
8.965989351272583008e-01
8.332849144935607910e-01
8.376237154006958008e-01
7.783084511756896973e-01
8.559676408767700195e-01
8.726776838302612305e-01
9.242237210273742676e-01
8.392916917800903320e-01
9.544886946678161621e-01
7.876371741294860840e-01
7.319033145904541016e-01
1.102239131927490234e+00
8.371573090553283691e-01
8.119817972183227539e-01
9.404683709144592285e-01
8.621897697448730469e-01
7.373015880584716797e-01
7.615848183631896973e-01
7.119796276092529297e-01
1.056020259857177734e+00
1.019587635993957520e+00
8.260925412178039551e-01
8.885747790336608887e-01
7.931923270225524902e-01
8.727008700370788574e-01
8.830354809761047363e-01
7.725236415863037109e-01
7.664023637771606445e-01
8.479019403457641602e-01
9.492050409317016602e-01
8.273858428001403809e-01
8.895413875579833984e-01
9.318365454673767090e-01
9.567048549652099609e-01
8.323692083358764648e-01
7.634457349777221680e-01
7.646453976631164551e-01
8.564908504486083984e-01
8.421019911766052246e-01
8.332294821739196777e-01
9.290232062339782715e-01
7.692048549652099609e-01
1.021712899208068848e+00
8.364149332046508789e-01
6.503857374191284180e-01
7.505723834037780762e-01
9.264910817146301270e-01
8.342561721801757812e-01
9.900704622268676758e-01
8.732398748397827148e-01
8.118953704833984375e-01
1.122966885566711426e+00
9.370386004447937012e-01
8.242559432983398438e-01
8.073599338531494141e-01
1.125752568244934082e+00
8.624079823493957520e-01
8.089025616645812988e-01
8.649747371673583984e-01
8.161685466766357422e-01
8.629964590072631836e-01
8.730081915855407715e-01
1.032695174217224121e+00
7.335245609283447266e-01
8.138592839241027832e-01
7.895576953887939453e-01
8.313730955123901367e-01
8.922906517982482910e-01
9.406291246414184570e-01
7.232412099838256836e-01
9.362578988075256348e-01
9.077629446983337402e-01
7.478585839271545410e-01
1.017185568809509277e+00
9.294739365577697754e-01
1.064952015876770020e+00
9.690422415733337402e-01
8.496775627136230469e-01
9.215587377548217773e-01
9.640673995018005371e-01
7.923420071601867676e-01
9.458387494087219238e-01
6.646191477775573730e-01
8.764093518257141113e-01
8.332233428955078125e-01
1.006878614425659180e+00
1.005740404129028320e+00
6.537058949470520020e-01
7.428146600723266602e-01
8.096078038215637207e-01
6.655414104461669922e-01
9.873346090316772461e-01
8.764871954917907715e-01
9.799487590789794922e-01
6.581507921218872070e-01
8.624916672706604004e-01
9.285291433334350586e-01
8.969770073890686035e-01
1.001985192298889160e+00
7.926549911499023438e-01
7.835726737976074219e-01
8.048178553581237793e-01
9.148554205894470215e-01
8.116021156311035156e-01
9.387674927711486816e-01
9.168204069137573242e-01
9.566689133644104004e-01
8.101090788841247559e-01
7.627643942832946777e-01
8.218902349472045898e-01
8.167935609817504883e-01
8.930611014366149902e-01
8.919101357460021973e-01
8.042904138565063477e-01
9.143708348274230957e-01
6.804565191268920898e-01
6.969138979911804199e-01
1.168556690216064453e+00
9.621597528457641602e-01
7.773926854133605957e-01
6.769779324531555176e-01
8.006901741027832031e-01
8.068335056304931641e-01
9.312576055526733398e-01
7.861592769622802734e-01
9.783052802085876465e-01
7.525452375411987305e-01
8.675605058670043945e-01
7.538263201713562012e-01
7.801752686500549316e-01
8.596636652946472168e-01
1.044753074645996094e+00
7.589493393898010254e-01
9.607123732566833496e-01
7.400048971176147461e-01
8.623061180114746094e-01
6.061344146728515625e-01
8.933216333389282227e-01
9.337424635887145996e-01
1.007644057273864746e+00
7.821118831634521484e-01
8.388537764549255371e-01
7.279550433158874512e-01
1.023414731025695801e+00
9.153912067413330078e-01
8.111681342124938965e-01
6.456394791603088379e-01
7.319846153259277344e-01
5.903502702713012695e-01
8.443444967269897461e-01
7.967600822448730469e-01
8.341854214668273926e-01
9.675240516662597656e-01
8.549217581748962402e-01
7.075400352478027344e-01
6.678475737571716309e-01
5.994092822074890137e-01
7.377262711524963379e-01
7.471231222152709961e-01
9.178303480148315430e-01
1.061851263046264648e+00
8.632464408874511719e-01
8.986521363258361816e-01
9.305581450462341309e-01
9.072234034538269043e-01
8.629571199417114258e-01
7.926540374755859375e-01
9.628619551658630371e-01
7.776705026626586914e-01
6.859375238418579102e-01
8.209373950958251953e-01
7.271869182586669922e-01
8.949716091156005859e-01
1.035340785980224609e+00
1.001415610313415527e+00
7.983151078224182129e-01
7.645328044891357422e-01
6.987687945365905762e-01
9.424215555191040039e-01
9.393023848533630371e-01
7.337710857391357422e-01
7.248755693435668945e-01
8.235044479370117188e-01
8.382872343063354492e-01
7.608225941658020020e-01
9.029332995414733887e-01
8.488731384277343750e-01
6.947883367538452148e-01
9.578208923339843750e-01
8.344703912734985352e-01
8.974899649620056152e-01
9.154063463211059570e-01
7.924501895904541016e-01
7.706581354141235352e-01
8.149987459182739258e-01
8.917710781097412109e-01
8.918814063072204590e-01
7.434942722320556641e-01
8.552207946777343750e-01
7.699860334396362305e-01
7.843806147575378418e-01
7.963815331459045410e-01
8.810966014862060547e-01
1.020631074905395508e+00
9.243742227554321289e-01
8.939754962921142578e-01
8.044189810752868652e-01
7.919049263000488281e-01
9.780191183090209961e-01
9.174561500549316406e-01
8.736815452575683594e-01
8.659200668334960938e-01
6.549507975578308105e-01
8.880269527435302734e-01
9.585770964622497559e-01
6.508169770240783691e-01
8.630802035331726074e-01
7.527410387992858887e-01
8.315404057502746582e-01
9.710317254066467285e-01
8.352248668670654297e-01
7.432091236114501953e-01
7.229752540588378906e-01
9.312748908996582031e-01
9.412193298339843750e-01
7.719017267227172852e-01
9.493738412857055664e-01
9.904899597167968750e-01
7.016158103942871094e-01
8.892975449562072754e-01
8.078194856643676758e-01
7.217716574668884277e-01
8.617305755615234375e-01
8.901745676994323730e-01
7.646409869194030762e-01
7.264325618743896484e-01
7.142986655235290527e-01
7.872259020805358887e-01
9.376876354217529297e-01
7.868729829788208008e-01
7.872712016105651855e-01
6.017985343933105469e-01
8.177534341812133789e-01
8.711735010147094727e-01
9.990880489349365234e-01
8.849132657051086426e-01
8.969157934188842773e-01
8.798568248748779297e-01
8.218121528625488281e-01
8.519884347915649414e-01
7.235421538352966309e-01
8.059529662132263184e-01
7.714088559150695801e-01
9.962373971939086914e-01
7.801432609558105469e-01
8.922325372695922852e-01
7.953848838806152344e-01
8.205587863922119141e-01
8.628563284873962402e-01
7.424486875534057617e-01
7.149532437324523926e-01
6.537111401557922363e-01
9.814741611480712891e-01
8.496630787849426270e-01
1.069965481758117676e+00
9.794918894767761230e-01
8.078503608703613281e-01
8.623584508895874023e-01
8.868630528450012207e-01
8.114718794822692871e-01
8.048118948936462402e-01
9.185047149658203125e-01
7.447015643119812012e-01
7.806870341300964355e-01
8.305974602699279785e-01
7.881641387939453125e-01
7.008642554283142090e-01
7.771721482276916504e-01
7.873908877372741699e-01
9.353362917900085449e-01
6.606335639953613281e-01
9.189778566360473633e-01
7.648074030876159668e-01
5.497357249259948730e-01
7.092999815940856934e-01
8.944070935249328613e-01
7.625291943550109863e-01
5.665044784545898438e-01
9.524291753768920898e-01
1.124820470809936523e+00
7.176240682601928711e-01
7.348210811614990234e-01
7.207378149032592773e-01
7.825269699096679688e-01
9.763955473899841309e-01
8.235059976577758789e-01
9.676621556282043457e-01
8.104516863822937012e-01
9.343349933624267578e-01
9.241185784339904785e-01
8.762311935424804688e-01
8.728624582290649414e-01
7.062577605247497559e-01
7.800418734550476074e-01
8.712048530578613281e-01
7.664194703102111816e-01
8.945568203926086426e-01
7.752513289451599121e-01
9.826732873916625977e-01
6.428181529045104980e-01
8.149994611740112305e-01
7.192910313606262207e-01
7.888861298561096191e-01
8.285272121429443359e-01
9.619325399398803711e-01
7.562479376792907715e-01
6.778501868247985840e-01
7.649351954460144043e-01
9.686039090156555176e-01
7.819992303848266602e-01
8.270541429519653320e-01
8.087881207466125488e-01
9.855999946594238281e-01
7.278783321380615234e-01
8.254466652870178223e-01
8.543623685836791992e-01
8.966679573059082031e-01
6.692599058151245117e-01
8.110147118568420410e-01
8.760325312614440918e-01
7.854506969451904297e-01
8.928768634796142578e-01
7.699050307273864746e-01
8.551401495933532715e-01
9.161778092384338379e-01
8.343219161033630371e-01
6.818720102310180664e-01
8.306808471679687500e-01
7.914113402366638184e-01
9.744939804077148438e-01
6.477601528167724609e-01
8.727021813392639160e-01
7.087913155555725098e-01
6.437574028968811035e-01
6.716781258583068848e-01
7.317200303077697754e-01
8.379121422767639160e-01
7.105333209037780762e-01
6.821369528770446777e-01
9.742126464843750000e-01
7.178995609283447266e-01
9.370115995407104492e-01
8.831321597099304199e-01
9.028604030609130859e-01
7.548490166664123535e-01
8.180527091026306152e-01
6.489278674125671387e-01
8.243935704231262207e-01
9.988845586776733398e-01
8.912864923477172852e-01
7.294868826866149902e-01
8.695773482322692871e-01
9.518188834190368652e-01
6.505256891250610352e-01
8.061798810958862305e-01
8.390709161758422852e-01
7.047222852706909180e-01
8.030748367309570312e-01
9.240114688873291016e-01
9.263256788253784180e-01
1.013141155242919922e+00
7.142766118049621582e-01
8.783276677131652832e-01
7.422021031379699707e-01
9.195569157600402832e-01
8.335639238357543945e-01
7.241786122322082520e-01
8.270310759544372559e-01
1.096305966377258301e+00
7.111564278602600098e-01
1.042548179626464844e+00
7.417927980422973633e-01
8.355962634086608887e-01
6.668077707290649414e-01
7.642851471900939941e-01
8.950238227844238281e-01
7.719874978065490723e-01
6.477856636047363281e-01
7.283666133880615234e-01
9.390149712562561035e-01
9.000009894371032715e-01
8.610008358955383301e-01
8.156292438507080078e-01
7.737224698066711426e-01
8.069190979003906250e-01
6.768555641174316406e-01
8.500846028327941895e-01
7.452359199523925781e-01
8.623684048652648926e-01
8.768692612648010254e-01
8.137642741203308105e-01
8.158877491950988770e-01
7.860862016677856445e-01
7.370156645774841309e-01
8.003718256950378418e-01
1.136610627174377441e+00
8.036306500434875488e-01
9.439263343811035156e-01
6.317248344421386719e-01
9.109656214714050293e-01
7.708532810211181641e-01
7.178859114646911621e-01
9.103029370307922363e-01
7.461643218994140625e-01
8.308136463165283203e-01
7.954610586166381836e-01
8.385474681854248047e-01
7.485341429710388184e-01
7.266297936439514160e-01
7.313290834426879883e-01
7.748709917068481445e-01
7.241909503936767578e-01
6.689410805702209473e-01
6.944964528083801270e-01
9.775606393814086914e-01
7.884898781776428223e-01
7.323749661445617676e-01
7.623057365417480469e-01
6.851993799209594727e-01
7.969810366630554199e-01
6.719506978988647461e-01
5.942883491516113281e-01
8.424860239028930664e-01
4.702765941619873047e-01
7.288161516189575195e-01
8.273622393608093262e-01
6.305199265480041504e-01
7.859164476394653320e-01
8.542984127998352051e-01
1.034717679023742676e+00
6.489316821098327637e-01
7.542325854301452637e-01
7.286994457244873047e-01
6.509908437728881836e-01
7.832978963851928711e-01
7.771252989768981934e-01
8.412090539932250977e-01
8.146098852157592773e-01
8.300389051437377930e-01
8.994910717010498047e-01
9.099107384681701660e-01
8.204098343849182129e-01
9.960066080093383789e-01
9.489653706550598145e-01
7.145460844039916992e-01
7.346035838127136230e-01
1.051651954650878906e+00
8.520482778549194336e-01
7.816875576972961426e-01
8.008403778076171875e-01
8.254660964012145996e-01
7.801430821418762207e-01
9.189345836639404297e-01
7.333491444587707520e-01
8.261521458625793457e-01
8.437244892120361328e-01
8.056331872940063477e-01
7.235453128814697266e-01
8.431385755538940430e-01
8.239910006523132324e-01
8.246337175369262695e-01
6.815390586853027344e-01
7.196456193923950195e-01
7.195618748664855957e-01
8.463582992553710938e-01
9.365356564521789551e-01
6.829896569252014160e-01
8.279816508293151855e-01
8.010508418083190918e-01
8.276268839836120605e-01
6.179484724998474121e-01
8.529225587844848633e-01
8.265693187713623047e-01
6.185674667358398438e-01
9.031738638877868652e-01
8.644927740097045898e-01
7.688459157943725586e-01
9.073130488395690918e-01
7.920915484428405762e-01
7.813316583633422852e-01
7.493222951889038086e-01
8.891714811325073242e-01
8.987110257148742676e-01
7.649371623992919922e-01
7.389902472496032715e-01
6.503409147262573242e-01
9.536193609237670898e-01
8.072282075881958008e-01
8.183739185333251953e-01
6.585665941238403320e-01
8.944174051284790039e-01
5.455548167228698730e-01
8.257024288177490234e-01
8.025172948837280273e-01
8.574169278144836426e-01
7.731559276580810547e-01
6.965778470039367676e-01
9.112901687622070312e-01
8.758367896080017090e-01
9.631174802780151367e-01
6.983615756034851074e-01
1.018595457077026367e+00
7.088815569877624512e-01
7.657406330108642578e-01
8.055266737937927246e-01
9.462033510208129883e-01
7.089393734931945801e-01
9.466220736503601074e-01
6.232371926307678223e-01
8.119914531707763672e-01
9.499863982200622559e-01
8.454048037528991699e-01
8.878366351127624512e-01
8.607780933380126953e-01
8.167557716369628906e-01
8.288269639015197754e-01
8.637907505035400391e-01
6.015679240226745605e-01
6.963343620300292969e-01
8.601116538047790527e-01
7.707434296607971191e-01
8.224427700042724609e-01
1.105749130249023438e+00
7.809270024299621582e-01
1.017550468444824219e+00
7.820904254913330078e-01
7.653822898864746094e-01
7.841936349868774414e-01
6.408757567405700684e-01
7.537038326263427734e-01
7.938161492347717285e-01
9.463093280792236328e-01
6.927390098571777344e-01
7.526078820228576660e-01
8.191835880279541016e-01
8.221772313117980957e-01
7.703099250793457031e-01
7.089307904243469238e-01
8.868395090103149414e-01
7.122335433959960938e-01
8.967686295509338379e-01
7.442893981933593750e-01
6.967621445655822754e-01
9.121221899986267090e-01
7.026416659355163574e-01
7.765600085258483887e-01
7.439998388290405273e-01
7.934845089912414551e-01
6.135236620903015137e-01
8.050566315650939941e-01
7.728729248046875000e-01
7.045184373855590820e-01
8.684670329093933105e-01
7.743084430694580078e-01
7.640882134437561035e-01
7.776114344596862793e-01
6.689009666442871094e-01
7.998146414756774902e-01
7.507486343383789062e-01
8.231244087219238281e-01
7.885755300521850586e-01
7.876791357994079590e-01
7.599848508834838867e-01
6.939089298248291016e-01
6.703353524208068848e-01
6.890185475349426270e-01
8.361197710037231445e-01
6.683875918388366699e-01
7.757744789123535156e-01
7.558666467666625977e-01
8.213096857070922852e-01
8.519904017448425293e-01
8.018600940704345703e-01
8.958803415298461914e-01
7.084925770759582520e-01
6.810325980186462402e-01
8.224829435348510742e-01
6.924270391464233398e-01
7.510864734649658203e-01
9.308784008026123047e-01
7.918941378593444824e-01
7.625542283058166504e-01
9.205217361450195312e-01
7.017444372177124023e-01
6.944072246551513672e-01
7.986678481101989746e-01
7.795739769935607910e-01
1.011196136474609375e+00
7.443907856941223145e-01
7.079270482063293457e-01
6.156650781631469727e-01
8.998525142669677734e-01
8.239378929138183594e-01
7.434659600257873535e-01
9.132703542709350586e-01
8.969901800155639648e-01
7.232763171195983887e-01
6.681513190269470215e-01
7.157669067382812500e-01
6.766005158424377441e-01
7.865229845046997070e-01
7.644711136817932129e-01
9.238462448120117188e-01
6.940365433692932129e-01
7.025828957557678223e-01
8.905698060989379883e-01
6.285142302513122559e-01
8.022822141647338867e-01
8.791785240173339844e-01
9.111900329589843750e-01
7.989839315414428711e-01
8.843539953231811523e-01
7.567709684371948242e-01
8.882609009742736816e-01
6.304576396942138672e-01
7.330267429351806641e-01
7.257481813430786133e-01
9.945060014724731445e-01
8.834962844848632812e-01
7.382224798202514648e-01
8.621745705604553223e-01
7.063497304916381836e-01
6.505879163742065430e-01
8.419277667999267578e-01
7.621286511421203613e-01
6.389614939689636230e-01
9.071480035781860352e-01
7.615148425102233887e-01
8.172118663787841797e-01
7.599456310272216797e-01
8.119007349014282227e-01
8.347811102867126465e-01
7.255423069000244141e-01
8.761531710624694824e-01
7.211700081825256348e-01
7.831463217735290527e-01
1.048289418220520020e+00
6.604924798011779785e-01
8.951539397239685059e-01
5.827798247337341309e-01
9.613928794860839844e-01
7.825037240982055664e-01
7.464611530303955078e-01
7.368517518043518066e-01
7.968865633010864258e-01
7.171764969825744629e-01
1.057788610458374023e+00
6.692586541175842285e-01
7.264189124107360840e-01
7.800234556198120117e-01
8.788728117942810059e-01
7.582165598869323730e-01
5.127001404762268066e-01
8.945313692092895508e-01
8.864871859550476074e-01
9.252538681030273438e-01
8.038466572761535645e-01
7.848208546638488770e-01
7.444969415664672852e-01
9.888058304786682129e-01
7.216520905494689941e-01
7.780323028564453125e-01
8.280176520347595215e-01
7.672381401062011719e-01
8.206355571746826172e-01
7.998362183570861816e-01
9.034966826438903809e-01
9.083720445632934570e-01
8.794566392898559570e-01
7.525176405906677246e-01
8.150235414505004883e-01
8.817215561866760254e-01
7.270390987396240234e-01
6.027417778968811035e-01
8.823418617248535156e-01
9.553255438804626465e-01
6.322621107101440430e-01
6.596719622611999512e-01
7.185769677162170410e-01
7.053382992744445801e-01
9.260817170143127441e-01
8.401874303817749023e-01
9.341647028923034668e-01
1.028329491615295410e+00
7.051366567611694336e-01
7.696875929832458496e-01
8.580377101898193359e-01
7.328279018402099609e-01
8.427811861038208008e-01
8.479931950569152832e-01
7.670659422874450684e-01
7.345466017723083496e-01
7.071615457534790039e-01
8.033313155174255371e-01
7.972927689552307129e-01
7.563971281051635742e-01
9.770038127899169922e-01
5.169145464897155762e-01
9.061692953109741211e-01
5.640721917152404785e-01
7.047743797302246094e-01
9.132558107376098633e-01
1.014329910278320312e+00
9.515948891639709473e-01
6.463602781295776367e-01
8.056231737136840820e-01
7.919854521751403809e-01
1.029187679290771484e+00
1.090795636177062988e+00
7.526311874389648438e-01
8.688347339630126953e-01
6.901391148567199707e-01
7.985956668853759766e-01
8.290373682975769043e-01
7.305515408515930176e-01
9.642709493637084961e-01
1.113387584686279297e+00
6.331949830055236816e-01
7.477414608001708984e-01
6.715925931930541992e-01
8.317116498947143555e-01
8.854281902313232422e-01
7.422937154769897461e-01
7.907676696777343750e-01
8.894164562225341797e-01
1.001152992248535156e+00
7.472547888755798340e-01
6.239869594573974609e-01
9.513778686523437500e-01
5.317765474319458008e-01
8.733555078506469727e-01
7.576594948768615723e-01
7.523952722549438477e-01
8.890880942344665527e-01
8.748445510864257812e-01
7.082599997520446777e-01
7.123723626136779785e-01
5.795211195945739746e-01
7.539342045783996582e-01
6.358225345611572266e-01
7.382431626319885254e-01
1.039278030395507812e+00
6.743390560150146484e-01
4.843921661376953125e-01
7.708392143249511719e-01
8.466647267341613770e-01
9.791612625122070312e-01
9.062135815620422363e-01
8.328778743743896484e-01
7.323216199874877930e-01
6.756487488746643066e-01
8.269362449645996094e-01
7.164641022682189941e-01
7.335398793220520020e-01
7.890377640724182129e-01
5.715971589088439941e-01
8.105615973472595215e-01
9.139104485511779785e-01
6.450799107551574707e-01
7.743135094642639160e-01
7.087385058403015137e-01
7.851697206497192383e-01
5.084559321403503418e-01
8.803159594535827637e-01
6.763766407966613770e-01
8.636215925216674805e-01
7.064599990844726562e-01
7.457782626152038574e-01
8.438971638679504395e-01
8.338292837142944336e-01
8.412376642227172852e-01
8.216245770454406738e-01
7.369446754455566406e-01
8.085870742797851562e-01
7.122876644134521484e-01
6.528876423835754395e-01
9.372158050537109375e-01
6.988027691841125488e-01
8.371381759643554688e-01
6.842731833457946777e-01
7.381535768508911133e-01
6.487772464752197266e-01
9.162911772727966309e-01
8.700861930847167969e-01
6.020522117614746094e-01
7.365481853485107422e-01
9.553912281990051270e-01
6.004525423049926758e-01
6.828886866569519043e-01
7.512205243110656738e-01
6.571709513664245605e-01
9.121707677841186523e-01
7.836381793022155762e-01
5.903888940811157227e-01
7.813916802406311035e-01
7.975504398345947266e-01
6.493792533874511719e-01
7.756701111793518066e-01
8.390899896621704102e-01
7.604601979255676270e-01
7.315410375595092773e-01
8.512315750122070312e-01
8.528583645820617676e-01
7.421289086341857910e-01
8.164363503456115723e-01
7.923210263252258301e-01
9.496049284934997559e-01
8.566200733184814453e-01
6.738881468772888184e-01
9.203792810440063477e-01
6.148691773414611816e-01
8.017588257789611816e-01
7.771963477134704590e-01
6.649911403656005859e-01
8.741018772125244141e-01
8.691899180412292480e-01
9.520272016525268555e-01
6.967412233352661133e-01
8.035783171653747559e-01
7.851215004920959473e-01
5.918914079666137695e-01
9.548579454421997070e-01
6.365565061569213867e-01
8.050880432128906250e-01
9.468011856079101562e-01
6.640761494636535645e-01
7.256883978843688965e-01
8.125627040863037109e-01
7.485663890838623047e-01
8.060987591743469238e-01
6.246467232704162598e-01
6.128213405609130859e-01
6.792557835578918457e-01
1.099138736724853516e+00
7.315210103988647461e-01
9.553659558296203613e-01
7.941345572471618652e-01
8.679134845733642578e-01
8.422699570655822754e-01
8.558985590934753418e-01
7.884717583656311035e-01
7.401682734489440918e-01
1.058602333068847656e+00
7.784266471862792969e-01
8.477768301963806152e-01
8.071560263633728027e-01
7.154707908630371094e-01
7.709819078445434570e-01
7.831009030342102051e-01
9.131085872650146484e-01
8.357596397399902344e-01
9.392545819282531738e-01
7.925887703895568848e-01
8.868142366409301758e-01
6.321737766265869141e-01
7.769649028778076172e-01
4.824792444705963135e-01
8.428701758384704590e-01
5.535667538642883301e-01
7.346792817115783691e-01
6.540766954421997070e-01
7.920416593551635742e-01
7.569696307182312012e-01
7.216757535934448242e-01
7.006484866142272949e-01
9.175432920455932617e-01
7.222936153411865234e-01
7.276715636253356934e-01
8.501697182655334473e-01
8.595880270004272461e-01
7.796413898468017578e-01
8.783599138259887695e-01
8.776645660400390625e-01
8.024478554725646973e-01
9.475060701370239258e-01
5.637974143028259277e-01
9.695913791656494141e-01
6.766563653945922852e-01
8.130891323089599609e-01
8.322733640670776367e-01
7.725161314010620117e-01
6.171681880950927734e-01
6.210454702377319336e-01
7.117582559585571289e-01
6.017556190490722656e-01
9.639954566955566406e-01
7.899803519248962402e-01
8.732775449752807617e-01
9.315347671508789062e-01
4.780651032924652100e-01
7.229213118553161621e-01
1.046326398849487305e+00
7.016599774360656738e-01
9.099300503730773926e-01
8.019096851348876953e-01
7.612695097923278809e-01
8.557059764862060547e-01
8.586570024490356445e-01
9.355884790420532227e-01
6.799783706665039062e-01
8.234232664108276367e-01
7.664544582366943359e-01
9.633302092552185059e-01
8.426804542541503906e-01
8.166669011116027832e-01
7.363464832305908203e-01
7.295277714729309082e-01
7.231874465942382812e-01
9.294385313987731934e-01
4.915463924407958984e-01
1.015092849731445312e+00
8.988539576530456543e-01
7.337851524353027344e-01
7.655449509620666504e-01
9.029249548912048340e-01
8.536751866340637207e-01
7.352889180183410645e-01
6.478209495544433594e-01
8.311764597892761230e-01
8.792297244071960449e-01
8.531243801116943359e-01
8.731020092964172363e-01
5.654453039169311523e-01
7.297638058662414551e-01
5.907249450683593750e-01
9.236431717872619629e-01
9.248468875885009766e-01
9.289011955261230469e-01
6.904761791229248047e-01
7.502305507659912109e-01
8.275220990180969238e-01
7.782000303268432617e-01
6.764832139015197754e-01
9.969346523284912109e-01
7.404476404190063477e-01
7.307839393615722656e-01
5.665477514266967773e-01
6.704202890396118164e-01
5.048290491104125977e-01
8.415470123291015625e-01
8.992702960968017578e-01
8.072602152824401855e-01
7.483507990837097168e-01
7.859495878219604492e-01
9.349355101585388184e-01
8.664820194244384766e-01
7.955818772315979004e-01
8.790763020515441895e-01
7.132151126861572266e-01
8.757173418998718262e-01
9.459241628646850586e-01
7.236114740371704102e-01
5.159254074096679688e-01
8.209807276725769043e-01
8.826507329940795898e-01
7.549101710319519043e-01
6.585544347763061523e-01
7.158365249633789062e-01
8.521136641502380371e-01
7.917881011962890625e-01
6.049741506576538086e-01
8.578775525093078613e-01
5.496626496315002441e-01
6.967028379440307617e-01
6.128061413764953613e-01
8.984930515289306641e-01
7.108333706855773926e-01
6.945770978927612305e-01
8.906224370002746582e-01
7.141079306602478027e-01
7.266448140144348145e-01
1.054238915443420410e+00
7.028511166572570801e-01
7.140459418296813965e-01
6.735867261886596680e-01
8.126454949378967285e-01
8.138768076896667480e-01
8.255363106727600098e-01
7.081479430198669434e-01
5.799427032470703125e-01
9.207525253295898438e-01
9.322780370712280273e-01
6.263175606727600098e-01
9.233937859535217285e-01
6.138945221900939941e-01
5.919663906097412109e-01
6.488282680511474609e-01
8.230751156806945801e-01
5.964978933334350586e-01
6.456702351570129395e-01
7.602813243865966797e-01
5.561959743499755859e-01
6.291919946670532227e-01
6.145365834236145020e-01
7.674020528793334961e-01
6.889730095863342285e-01
7.579135894775390625e-01
8.216476440429687500e-01
7.968704700469970703e-01
7.359067797660827637e-01
7.363586425781250000e-01
1.021392822265625000e+00
7.762381434440612793e-01
7.400874495506286621e-01
8.267299532890319824e-01
8.356248140335083008e-01
6.884386539459228516e-01
7.304547429084777832e-01
5.358993411064147949e-01
6.470598578453063965e-01
1.058079242706298828e+00
9.421471953392028809e-01
9.622654318809509277e-01
1.018761754035949707e+00
7.098605036735534668e-01
8.272340893745422363e-01
9.098705649375915527e-01
6.698747873306274414e-01
7.011657953262329102e-01
8.723735809326171875e-01
6.523672342300415039e-01
8.564153909683227539e-01
5.480199456214904785e-01
1.025939822196960449e+00
7.134423255920410156e-01
6.313407421112060547e-01
7.495911717414855957e-01
8.954476714134216309e-01
8.673642277717590332e-01
1.006683707237243652e+00
9.529142379760742188e-01
9.726243019104003906e-01
8.945301175117492676e-01
7.983829379081726074e-01
8.593856096267700195e-01
1.022156596183776855e+00
1.010535597801208496e+00
5.308002233505249023e-01
8.201217055320739746e-01
7.021710872650146484e-01
7.094928622245788574e-01
7.308371067047119141e-01
6.645026803016662598e-01
6.863794326782226562e-01
8.574560880661010742e-01
9.664871096611022949e-01
1.046358823776245117e+00
8.907634615898132324e-01
7.006454467773437500e-01
1.018716335296630859e+00
9.402461647987365723e-01
7.765036225318908691e-01
7.742655277252197266e-01
9.543078541755676270e-01
5.813926458358764648e-01
1.127420902252197266e+00
7.731892466545104980e-01
7.530722022056579590e-01
9.570761919021606445e-01
8.530833125114440918e-01
9.977044463157653809e-01
7.009308934211730957e-01
7.673329114913940430e-01
7.909609079360961914e-01
8.804483413696289062e-01
7.883716225624084473e-01
9.323613643646240234e-01
8.522342443466186523e-01
6.772567629814147949e-01
7.891055345535278320e-01
7.694599032402038574e-01
6.763904094696044922e-01
8.516964316368103027e-01
6.132316589355468750e-01
5.267386436462402344e-01
7.006479501724243164e-01
6.071628332138061523e-01
6.872627139091491699e-01
7.395353317260742188e-01
6.876669526100158691e-01
5.238396525382995605e-01
8.482631444931030273e-01
9.148766994476318359e-01
7.143318057060241699e-01
9.868514537811279297e-01
7.713586688041687012e-01
6.607438921928405762e-01
7.484880089759826660e-01
7.376417517662048340e-01
5.600237846374511719e-01
8.193396925926208496e-01
7.523204684257507324e-01
8.385660052299499512e-01
8.335440158843994141e-01
8.242976665496826172e-01
7.623137831687927246e-01
8.453145027160644531e-01
7.235644459724426270e-01
8.019795417785644531e-01
6.115561723709106445e-01
6.852085590362548828e-01
5.808213949203491211e-01
9.386796355247497559e-01
8.191606998443603516e-01
7.149522304534912109e-01
8.197902441024780273e-01
5.471758842468261719e-01
8.146176934242248535e-01
8.802964687347412109e-01
7.776194810867309570e-01
7.317728996276855469e-01
8.168010115623474121e-01
7.710234522819519043e-01
7.674701809883117676e-01
7.659982442855834961e-01
7.596592903137207031e-01
8.481041193008422852e-01
6.585127711296081543e-01
6.065071225166320801e-01
8.380252122879028320e-01
7.935931682586669922e-01
7.610426545143127441e-01
7.622672915458679199e-01
7.165818214416503906e-01
6.742657423019409180e-01
7.394853830337524414e-01
7.164911627769470215e-01
7.293205261230468750e-01
6.916818022727966309e-01
6.966287493705749512e-01
6.034962534904479980e-01
6.646728515625000000e-01
7.289426922798156738e-01
8.208186030387878418e-01
9.880239367485046387e-01
9.319599866867065430e-01
7.781367301940917969e-01
7.880355119705200195e-01
9.242842197418212891e-01
9.267199635505676270e-01
8.948000073432922363e-01
7.927142381668090820e-01
8.971652388572692871e-01
8.043341040611267090e-01
7.414630055427551270e-01
7.545526027679443359e-01
7.699632644653320312e-01
6.199035644531250000e-01
7.717280387878417969e-01
8.325796723365783691e-01
7.494869232177734375e-01
9.505078196525573730e-01
7.334500551223754883e-01
6.289924979209899902e-01
7.287532091140747070e-01
9.099134802818298340e-01
7.322827577590942383e-01
6.300550699234008789e-01
9.572154879570007324e-01
7.932676672935485840e-01
7.448273897171020508e-01
7.829483747482299805e-01
7.454181909561157227e-01
6.242596507072448730e-01
1.035651087760925293e+00
5.062678456306457520e-01
5.776020288467407227e-01
9.881814718246459961e-01
7.089563012123107910e-01
8.807864189147949219e-01
8.236683607101440430e-01
6.671264171600341797e-01
9.827882051467895508e-01
7.548679113388061523e-01
6.205444335937500000e-01
6.844078302383422852e-01
8.363286256790161133e-01
6.892858743667602539e-01
8.582854866981506348e-01
7.605729699134826660e-01
5.953502655029296875e-01
7.374110817909240723e-01
6.699292659759521484e-01
6.315785646438598633e-01
8.188733458518981934e-01
6.280207037925720215e-01
7.689952254295349121e-01
5.852544307708740234e-01
1.062015891075134277e+00
7.698258161544799805e-01
9.568310379981994629e-01
9.529985189437866211e-01
8.600852489471435547e-01
6.862723827362060547e-01
8.622862696647644043e-01
7.602772712707519531e-01
6.906697750091552734e-01
7.590326070785522461e-01
7.724449634552001953e-01
8.762810826301574707e-01
7.011561393737792969e-01
8.591664433479309082e-01
6.448350548744201660e-01
9.677800536155700684e-01
1.008110165596008301e+00
8.472275733947753906e-01
8.124768137931823730e-01
8.922742009162902832e-01
6.002470850944519043e-01
7.633560895919799805e-01
5.538769364356994629e-01
6.774081587791442871e-01
6.986891627311706543e-01
9.331293702125549316e-01
6.850286126136779785e-01
7.619554996490478516e-01
9.775016307830810547e-01
7.462966442108154297e-01
9.045701622962951660e-01
8.433629274368286133e-01
5.930687785148620605e-01
5.929185152053833008e-01
7.105937600135803223e-01
6.981080770492553711e-01
9.052737355232238770e-01
7.280466556549072266e-01
6.214681863784790039e-01
7.138177752494812012e-01
7.613459229469299316e-01
8.861652016639709473e-01
9.133922457695007324e-01
7.884213924407958984e-01
7.549080848693847656e-01
8.075764179229736328e-01
7.395508885383605957e-01
9.914056062698364258e-01
8.391903042793273926e-01
8.438943028450012207e-01
7.586727142333984375e-01
7.558751106262207031e-01
5.356338024139404297e-01
8.246551156044006348e-01
8.035479784011840820e-01
6.174744963645935059e-01
7.467129230499267578e-01
7.275753021240234375e-01
8.189762234687805176e-01
7.715699672698974609e-01
9.638460874557495117e-01
8.786885738372802734e-01
8.024957776069641113e-01
7.590067386627197266e-01
7.404761314392089844e-01
8.135482668876647949e-01
7.434142231941223145e-01
6.758642792701721191e-01
6.805204749107360840e-01
8.193356990814208984e-01
9.060739278793334961e-01
5.749449729919433594e-01
8.804688453674316406e-01
8.124774694442749023e-01
6.426427364349365234e-01
8.880789875984191895e-01
5.974596142768859863e-01
9.437983036041259766e-01
7.691431045532226562e-01
8.006733655929565430e-01
5.875142216682434082e-01
7.077050805091857910e-01
7.008129954338073730e-01
7.854481935501098633e-01
6.635344624519348145e-01
6.518061757087707520e-01
9.315589070320129395e-01
8.204915523529052734e-01
5.728447437286376953e-01
5.643783211708068848e-01
7.032570838928222656e-01
6.796420812606811523e-01
7.151791453361511230e-01
8.765244483947753906e-01
7.249695062637329102e-01
5.487876534461975098e-01
7.511666417121887207e-01
9.528962373733520508e-01
8.374449610710144043e-01
5.779960155487060547e-01
8.550866246223449707e-01
7.221337556838989258e-01
9.483002424240112305e-01
4.537557065486907959e-01
7.688333988189697266e-01
8.483080863952636719e-01
6.276928782463073730e-01
6.708904504776000977e-01
5.749294161796569824e-01
9.207794666290283203e-01
8.044376373291015625e-01
7.925190329551696777e-01
9.353000521659851074e-01
6.641328334808349609e-01
7.871904373168945312e-01
8.081810474395751953e-01
8.058792352676391602e-01
9.909799098968505859e-01
6.991336941719055176e-01
9.896678924560546875e-01
7.363631129264831543e-01
8.093654513359069824e-01
7.162193655967712402e-01
7.162255644798278809e-01
8.403623700141906738e-01
7.161352038383483887e-01
7.771262526512145996e-01
6.987332701683044434e-01
9.834750294685363770e-01
6.707398891448974609e-01
8.153849840164184570e-01
7.303262948989868164e-01
7.345789074897766113e-01
9.480274915695190430e-01
8.269633054733276367e-01
8.218430280685424805e-01
6.196679472923278809e-01
8.006492257118225098e-01
6.415216922760009766e-01
7.165398597717285156e-01
7.581993341445922852e-01
7.072355747222900391e-01
6.696249246597290039e-01
9.069464206695556641e-01
7.753819823265075684e-01
9.628034234046936035e-01
6.190606355667114258e-01
6.304119825363159180e-01
6.540502905845642090e-01
6.860118508338928223e-01
5.765286087989807129e-01
7.005983591079711914e-01
8.768163919448852539e-01
6.445676088333129883e-01
7.290560007095336914e-01
9.857453107833862305e-01
5.143511891365051270e-01
7.154681086540222168e-01
7.090396285057067871e-01
5.768426060676574707e-01
9.873372912406921387e-01
7.265148162841796875e-01
1.134495258331298828e+00
1.031895756721496582e+00
5.933160781860351562e-01
8.871334791183471680e-01
6.822431683540344238e-01
6.008375287055969238e-01
8.204424977302551270e-01
6.585803031921386719e-01
7.755039930343627930e-01
8.714724779129028320e-01
7.371311783790588379e-01
9.972676634788513184e-01
8.978605270385742188e-01
7.317556738853454590e-01
8.026005625724792480e-01
7.982929944992065430e-01
7.089269161224365234e-01
6.107680797576904297e-01
5.964318513870239258e-01
8.814217448234558105e-01
9.006736278533935547e-01
8.648242354393005371e-01
7.960218787193298340e-01
7.627866268157958984e-01
8.226199150085449219e-01
6.317289471626281738e-01
6.102600097656250000e-01
7.451344728469848633e-01
7.510557174682617188e-01
8.539124727249145508e-01
8.353298902511596680e-01
7.792299985885620117e-01
5.091645121574401855e-01
8.565798401832580566e-01
6.685547232627868652e-01
7.782706618309020996e-01
8.187227845191955566e-01
9.102007150650024414e-01
7.272532582283020020e-01
7.809631228446960449e-01
6.520419716835021973e-01
8.740679025650024414e-01
7.262415289878845215e-01
6.844952106475830078e-01
6.743209362030029297e-01
7.713381052017211914e-01
6.501617431640625000e-01
6.533569097518920898e-01
9.234771728515625000e-01
7.161340713500976562e-01
7.036501765251159668e-01
7.537403702735900879e-01
6.604890823364257812e-01
8.445447087287902832e-01
7.465491890907287598e-01
6.790199279785156250e-01
8.126205205917358398e-01
7.316086888313293457e-01
7.765092849731445312e-01
6.411570906639099121e-01
7.609143257141113281e-01
9.319596290588378906e-01
6.637812256813049316e-01
6.069024801254272461e-01
6.705405116081237793e-01
5.845414996147155762e-01
8.235591650009155273e-01
6.410192251205444336e-01
7.032796144485473633e-01
8.626520633697509766e-01
7.423385977745056152e-01
9.092028737068176270e-01
8.151045441627502441e-01
7.353344559669494629e-01
9.433321952819824219e-01
9.708688855171203613e-01
7.583192586898803711e-01
1.150704026222229004e+00
6.766956448554992676e-01
9.137675166130065918e-01
6.543116569519042969e-01
7.328969240188598633e-01
6.975760459899902344e-01
9.350404143333435059e-01
8.112587332725524902e-01
7.288283705711364746e-01
6.750419735908508301e-01
4.952308535575866699e-01
4.977126121520996094e-01
7.767907977104187012e-01
6.430950760841369629e-01
6.808420419692993164e-01
8.821826577186584473e-01
6.356564164161682129e-01
5.990929603576660156e-01
8.717528581619262695e-01
7.496110200881958008e-01
9.085492491722106934e-01
6.706557869911193848e-01
8.569748997688293457e-01
6.062939167022705078e-01
7.015801668167114258e-01
8.507626056671142578e-01
7.028719186782836914e-01
8.547862172126770020e-01
8.576931357383728027e-01
8.797215223312377930e-01
8.561665415763854980e-01
7.158491611480712891e-01
7.014015913009643555e-01
7.611343860626220703e-01
8.133478164672851562e-01
8.600912094116210938e-01
7.237959504127502441e-01
5.945822000503540039e-01
7.516688108444213867e-01
7.778719067573547363e-01
7.937697768211364746e-01
9.770066142082214355e-01
8.064292669296264648e-01
5.940170288085937500e-01
7.064763903617858887e-01
7.794947624206542969e-01
7.898598313331604004e-01
6.263830661773681641e-01
9.137395024299621582e-01
9.124256372451782227e-01
8.302610516548156738e-01
6.981392502784729004e-01
6.903105974197387695e-01
7.934436202049255371e-01
9.871819615364074707e-01
9.214949607849121094e-01
7.793084979057312012e-01
7.407248616218566895e-01
6.015277504920959473e-01
7.377473115921020508e-01
8.859876990318298340e-01
7.120871543884277344e-01
6.797152757644653320e-01
9.215511679649353027e-01
7.636415362358093262e-01
7.324552536010742188e-01
7.478335499763488770e-01
7.155907750129699707e-01
6.321612596511840820e-01
8.876919150352478027e-01
8.661062121391296387e-01
7.060456871986389160e-01
7.392860651016235352e-01
6.790513396263122559e-01
7.662305235862731934e-01
8.715083599090576172e-01
7.879449725151062012e-01
6.414270997047424316e-01
7.936137318611145020e-01
9.460313916206359863e-01
7.002536654472351074e-01
5.663466453552246094e-01
6.811425685882568359e-01
7.139874100685119629e-01
7.811368703842163086e-01
5.768510699272155762e-01
8.183015584945678711e-01
8.699302673339843750e-01
1.003759145736694336e+00
7.263345122337341309e-01
7.130360007286071777e-01
7.248949408531188965e-01
9.110481739044189453e-01
7.514060139656066895e-01
8.831871747970581055e-01
5.174783468246459961e-01
6.487512588500976562e-01
8.194475769996643066e-01
8.774917125701904297e-01
5.637551546096801758e-01
8.408093452453613281e-01
8.771597743034362793e-01
7.373783588409423828e-01
8.518388867378234863e-01
7.777658700942993164e-01
9.187677502632141113e-01
8.746219277381896973e-01
7.650789022445678711e-01
8.913656473159790039e-01
8.560194373130798340e-01
8.933581709861755371e-01
8.472006320953369141e-01
6.992580890655517578e-01
5.333713293075561523e-01
8.882355690002441406e-01
7.617929577827453613e-01
6.665996313095092773e-01
7.752422094345092773e-01
8.126010298728942871e-01
8.473867774009704590e-01
6.284615397453308105e-01
8.262685537338256836e-01
7.296065092086791992e-01
7.171537876129150391e-01
7.495332360267639160e-01
7.069358229637145996e-01
6.566299200057983398e-01
7.169687151908874512e-01
8.545445799827575684e-01
9.227426052093505859e-01
7.537803053855895996e-01
5.905014872550964355e-01
8.588047027587890625e-01
7.256231904029846191e-01
9.673789739608764648e-01
6.887201666831970215e-01
6.472055315971374512e-01
5.922870635986328125e-01
9.900572896003723145e-01
6.874462962150573730e-01
7.999532222747802734e-01
7.181325554847717285e-01
8.204625844955444336e-01
7.191113233566284180e-01
6.864196658134460449e-01
8.094317913055419922e-01
7.513058185577392578e-01
8.720870018005371094e-01
6.025242805480957031e-01
8.689618706703186035e-01
8.205512762069702148e-01
9.289844632148742676e-01
8.398976325988769531e-01
5.931973457336425781e-01
6.701337695121765137e-01
1.013383030891418457e+00
1.122424244880676270e+00
8.712353706359863281e-01
6.686088442802429199e-01
8.567817807197570801e-01
6.742680072784423828e-01
6.635952591896057129e-01
8.074551224708557129e-01
8.048062324523925781e-01
7.915459275245666504e-01
6.138951778411865234e-01
7.900874614715576172e-01
9.248015284538269043e-01
7.846522331237792969e-01
7.532684206962585449e-01
6.536728739738464355e-01
7.017579674720764160e-01
7.268092632293701172e-01
6.860818862915039062e-01
6.189110875129699707e-01
6.805667281150817871e-01
7.378668785095214844e-01
5.700196027755737305e-01
5.490930080413818359e-01
8.293034434318542480e-01
6.787448525428771973e-01
7.521201968193054199e-01
8.801959753036499023e-01
8.539921641349792480e-01
8.042768836021423340e-01
7.411398887634277344e-01
7.557181119918823242e-01
9.164180159568786621e-01
8.444834351539611816e-01
6.675522327423095703e-01
7.826069593429565430e-01
6.628849506378173828e-01
6.688963770866394043e-01
7.319856286048889160e-01
8.748813271522521973e-01
6.970984935760498047e-01
7.149719595909118652e-01
4.747715294361114502e-01
7.014991044998168945e-01
4.668599069118499756e-01
1.229631781578063965e+00
7.932883501052856445e-01
6.923743486404418945e-01
8.431340456008911133e-01
7.462953329086303711e-01
1.017214894294738770e+00
1.017114400863647461e+00
8.269279003143310547e-01
6.540489792823791504e-01
9.132500886917114258e-01
8.601757884025573730e-01
8.086227178573608398e-01
6.289573311805725098e-01
7.063758969306945801e-01
7.239461541175842285e-01
6.254559755325317383e-01
7.514814734458923340e-01
7.318632602691650391e-01
8.184610009193420410e-01
7.611576318740844727e-01
8.876294493675231934e-01
8.103115558624267578e-01
9.037563204765319824e-01
7.035173177719116211e-01
6.714682579040527344e-01
7.765172123908996582e-01
8.254305124282836914e-01
8.373665213584899902e-01
8.710058331489562988e-01
6.575323939323425293e-01
7.600696682929992676e-01
7.021215558052062988e-01
5.799555182456970215e-01
8.423664569854736328e-01
6.108649373054504395e-01
5.743245482444763184e-01
7.060759663581848145e-01
6.833389997482299805e-01
6.384776234626770020e-01
7.641488313674926758e-01
9.374068975448608398e-01
8.008374571800231934e-01
5.985152125358581543e-01
8.817148208618164062e-01
7.878893613815307617e-01
9.871275424957275391e-01
7.300297617912292480e-01
8.336304426193237305e-01
8.241947889328002930e-01
6.403990983963012695e-01
7.029335498809814453e-01
7.742390036582946777e-01
5.465018749237060547e-01
7.622700333595275879e-01
7.882351279258728027e-01
4.606476426124572754e-01
7.102712392807006836e-01
8.504806756973266602e-01
7.849566936492919922e-01
6.732054948806762695e-01
6.827602982521057129e-01
6.213328838348388672e-01
4.308011531829833984e-01
1.163845300674438477e+00
9.554507136344909668e-01
7.513585686683654785e-01
8.630686402320861816e-01
8.175205588340759277e-01
7.439626455307006836e-01
7.626765370368957520e-01
8.373762965202331543e-01
8.606613874435424805e-01
7.743799090385437012e-01
8.872401714324951172e-01
1.059401035308837891e+00
5.707743763923645020e-01
7.983126044273376465e-01
7.070499658584594727e-01
5.301396250724792480e-01
6.200134754180908203e-01
7.075492143630981445e-01
8.517844676971435547e-01
8.098346590995788574e-01
6.921850442886352539e-01
7.162522077560424805e-01
8.519982695579528809e-01
8.186956048011779785e-01
8.749281167984008789e-01
7.678862810134887695e-01
7.524647116661071777e-01
7.821578979492187500e-01
8.295137882232666016e-01
6.886394023895263672e-01
6.227660775184631348e-01
7.956759929656982422e-01
6.792894601821899414e-01
6.864406466484069824e-01
8.068756461143493652e-01
7.134888172149658203e-01
8.066427111625671387e-01
7.059946060180664062e-01
7.154128551483154297e-01
7.644188404083251953e-01
8.821909427642822266e-01
8.619088530540466309e-01
7.154089212417602539e-01
8.328566551208496094e-01
7.937723994255065918e-01
6.954706907272338867e-01
8.484616279602050781e-01
6.352002620697021484e-01
7.291225790977478027e-01
6.766427159309387207e-01
7.356808781623840332e-01
7.296443581581115723e-01
4.477008283138275146e-01
6.575666666030883789e-01
6.584224104881286621e-01
8.125286698341369629e-01
6.633308529853820801e-01
1.147994875907897949e+00
6.518864631652832031e-01
8.915538191795349121e-01
7.389076352119445801e-01
6.745994091033935547e-01
5.868103504180908203e-01
7.806151509284973145e-01
8.501528501510620117e-01
5.138967633247375488e-01
6.410380601882934570e-01
6.907886266708374023e-01
8.350016474723815918e-01
8.987779617309570312e-01
6.375771164894104004e-01
7.570958137512207031e-01
6.026269793510437012e-01
5.558349490165710449e-01
4.955043494701385498e-01
6.792784929275512695e-01
6.958855986595153809e-01
7.171331644058227539e-01
7.086470723152160645e-01
9.088614583015441895e-01
7.738317251205444336e-01
8.246908783912658691e-01
6.726775169372558594e-01
7.216588854789733887e-01
6.469901800155639648e-01
8.631210327148437500e-01
5.995768904685974121e-01
7.814195752143859863e-01
7.072071433067321777e-01
4.409427344799041748e-01
9.375038146972656250e-01
7.609083652496337891e-01
1.048011422157287598e+00
7.824726700782775879e-01
8.921443223953247070e-01
8.498187661170959473e-01
9.650090336799621582e-01
7.931697964668273926e-01
7.147579789161682129e-01
8.953526616096496582e-01
7.272849082946777344e-01
7.046384215354919434e-01
5.144358277320861816e-01
6.330083012580871582e-01
6.063185930252075195e-01
4.955612719058990479e-01
8.562065362930297852e-01
1.069011926651000977e+00
7.492717504501342773e-01
7.973408699035644531e-01
6.146460175514221191e-01
9.803507328033447266e-01
7.141782045364379883e-01
7.581384181976318359e-01
8.633800148963928223e-01
6.876247525215148926e-01
8.329595923423767090e-01
7.183296084403991699e-01
7.476716637611389160e-01
9.087460637092590332e-01
1.010942339897155762e+00
8.767766356468200684e-01
6.421192884445190430e-01
6.231474280357360840e-01
7.280040383338928223e-01
6.946457028388977051e-01
7.975431084632873535e-01
1.022591471672058105e+00
7.375563979148864746e-01
1.003648757934570312e+00
7.566376924514770508e-01
9.445215463638305664e-01
4.254907071590423584e-01
5.810876488685607910e-01
7.532588243484497070e-01
7.083141207695007324e-01
9.324642419815063477e-01
8.665735125541687012e-01
7.686285972595214844e-01
7.184427976608276367e-01
7.683846950531005859e-01
7.785585522651672363e-01
7.099743485450744629e-01
7.890774011611938477e-01
7.807196974754333496e-01
7.379761338233947754e-01
8.028420209884643555e-01
8.149728775024414062e-01
8.574415445327758789e-01
6.177773475646972656e-01
6.860173940658569336e-01
7.875243425369262695e-01
7.982061505317687988e-01
7.633075714111328125e-01
8.452960848808288574e-01
8.290391564369201660e-01
6.909615397453308105e-01
7.095230221748352051e-01
6.567456126213073730e-01
6.446009874343872070e-01
6.738232970237731934e-01
8.919388651847839355e-01
6.869982481002807617e-01
5.834388732910156250e-01
8.802537322044372559e-01
6.873858571052551270e-01
8.792216777801513672e-01
6.935179829597473145e-01
9.777683615684509277e-01
