1.069410443305969238e+00
1.003846526145935059e+00
9.877418279647827148e-01
8.573957681655883789e-01
1.123254060745239258e+00
9.033970236778259277e-01
9.076712727546691895e-01
9.736760258674621582e-01
1.134478211402893066e+00
1.092824697494506836e+00
1.130233287811279297e+00
8.988751769065856934e-01
9.421337842941284180e-01
7.216922044754028320e-01
9.506375789642333984e-01
9.622481465339660645e-01
1.178211092948913574e+00
9.203226566314697266e-01
8.944358825683593750e-01
9.147601723670959473e-01
9.289652705192565918e-01
9.677103757858276367e-01
9.259244799613952637e-01
9.232290387153625488e-01
9.659427404403686523e-01
7.187196016311645508e-01
7.433795332908630371e-01
7.268710732460021973e-01
8.573002815246582031e-01
1.148838996887207031e+00
9.648758769035339355e-01
9.983702301979064941e-01
9.464857578277587891e-01
6.196948885917663574e-01
1.005583405494689941e+00
9.300671815872192383e-01
9.938785433769226074e-01
9.470706582069396973e-01
8.021938800811767578e-01
9.735134243965148926e-01
8.890359997749328613e-01
9.419649243354797363e-01
8.755751848220825195e-01
1.029668450355529785e+00
7.132014632225036621e-01
9.119141101837158203e-01
1.129247188568115234e+00
9.462593197822570801e-01
9.578840732574462891e-01
8.594093322753906250e-01
9.862021803855895996e-01
8.178058862686157227e-01
8.598215579986572266e-01
9.577246308326721191e-01
1.197180509567260742e+00
8.052643537521362305e-01
9.887307286262512207e-01
8.951167464256286621e-01
1.062902450561523438e+00
1.032047033309936523e+00
8.657824993133544922e-01
8.985277414321899414e-01
9.409021735191345215e-01
1.008182048797607422e+00
7.915981411933898926e-01
9.003829956054687500e-01
8.919156193733215332e-01
7.057530879974365234e-01
9.161370992660522461e-01
9.580484628677368164e-01
6.675112247467041016e-01
1.064231395721435547e+00
8.914766907691955566e-01
9.695250391960144043e-01
8.211946487426757812e-01
1.048560500144958496e+00
9.284639358520507812e-01
7.996901869773864746e-01
9.667876958847045898e-01
9.758288860321044922e-01
7.631884217262268066e-01
7.841782569885253906e-01
8.864203095436096191e-01
1.030196905136108398e+00
7.508705854415893555e-01
1.014031887054443359e+00
8.478873372077941895e-01
7.809684872627258301e-01
1.031627655029296875e+00
8.506723046302795410e-01
8.247387409210205078e-01
9.616210460662841797e-01
7.935481667518615723e-01
7.969104051589965820e-01
9.737771153450012207e-01
8.775667548179626465e-01
1.001155734062194824e+00
8.733530044555664062e-01
9.652609825134277344e-01
8.943095207214355469e-01
8.822434544563293457e-01
9.497104883193969727e-01
7.454875707626342773e-01
7.620692253112792969e-01
7.830451130867004395e-01
6.768323779106140137e-01
9.008533954620361328e-01
8.593227267265319824e-01
7.775113582611083984e-01
8.354914188385009766e-01
8.048817515373229980e-01
1.061073303222656250e+00
6.837545037269592285e-01
7.952288389205932617e-01
7.511767745018005371e-01
9.349397420883178711e-01
1.114379525184631348e+00
1.088306069374084473e+00
9.188281297683715820e-01
8.348361849784851074e-01
9.026761651039123535e-01
9.642956256866455078e-01
8.212096691131591797e-01
9.319784045219421387e-01
8.440893292427062988e-01
8.221073746681213379e-01
1.101644754409790039e+00
1.011743307113647461e+00
1.016318202018737793e+00
9.163653254508972168e-01
9.167981743812561035e-01
9.732238054275512695e-01
7.228571176528930664e-01
8.275910019874572754e-01
9.275228381156921387e-01
8.961291909217834473e-01
1.027990460395812988e+00
9.031013250350952148e-01
8.286647200584411621e-01
1.063017606735229492e+00
9.694980978965759277e-01
1.055430173873901367e+00
1.016867399215698242e+00
1.021109580993652344e+00
9.771855473518371582e-01
8.732025027275085449e-01
8.585991263389587402e-01
9.435580968856811523e-01
1.035873055458068848e+00
8.743721246719360352e-01
8.242220282554626465e-01
8.550000786781311035e-01
9.663505554199218750e-01
7.591086030006408691e-01
6.334909200668334961e-01
9.391457438468933105e-01
8.445190787315368652e-01
8.084608912467956543e-01
8.764390349388122559e-01
7.647858262062072754e-01
7.769649624824523926e-01
1.016393542289733887e+00
9.206186532974243164e-01
8.270049691200256348e-01
7.205706834793090820e-01
8.146715760231018066e-01
9.332957863807678223e-01
9.384995698928833008e-01
1.101893901824951172e+00
8.808714747428894043e-01
7.516201138496398926e-01
8.487355113029479980e-01
9.114099740982055664e-01
8.259078860282897949e-01
6.231251358985900879e-01
8.887781500816345215e-01
1.251486897468566895e+00
8.574717044830322266e-01
9.856698513031005859e-01
7.416095137596130371e-01
7.859851121902465820e-01
8.134755492210388184e-01
1.020946860313415527e+00
9.280659556388854980e-01
6.887269616127014160e-01
8.593581914901733398e-01
1.019191980361938477e+00
9.598073363304138184e-01
8.645068407058715820e-01
9.402485489845275879e-01
9.763644933700561523e-01
7.945844531059265137e-01
8.237696886062622070e-01
9.761751890182495117e-01
8.387168049812316895e-01
1.012495398521423340e+00
1.011957645416259766e+00
8.338965177536010742e-01
9.351415038108825684e-01
8.510127067565917969e-01
9.037120342254638672e-01
8.499495387077331543e-01
1.149656891822814941e+00
9.812716841697692871e-01
8.225617408752441406e-01
8.221288323402404785e-01
9.144573211669921875e-01
8.103677630424499512e-01
9.070314764976501465e-01
8.968701362609863281e-01
6.030630469322204590e-01
8.001928329467773438e-01
6.601221561431884766e-01
7.303206920623779297e-01
8.667688369750976562e-01
9.657214283943176270e-01
9.001768827438354492e-01
8.348254561424255371e-01
7.370520830154418945e-01
8.492422103881835938e-01
9.508088827133178711e-01
7.814248204231262207e-01
8.642176985740661621e-01
1.038886785507202148e+00
7.688474655151367188e-01
1.049825787544250488e+00
7.698644995689392090e-01
7.977033257484436035e-01
7.230050563812255859e-01
7.441948652267456055e-01
9.038150906562805176e-01
6.811265349388122559e-01
8.343054056167602539e-01
8.446497321128845215e-01
7.737053632736206055e-01
9.650595188140869141e-01
1.076936841011047363e+00
7.634553313255310059e-01
9.658143520355224609e-01
9.402096867561340332e-01
8.400866389274597168e-01
9.154594540596008301e-01
9.572585821151733398e-01
7.524925470352172852e-01
8.608015775680541992e-01
8.751140236854553223e-01
1.166019558906555176e+00
8.432481884956359863e-01
9.247098565101623535e-01
1.074533700942993164e+00
6.583904027938842773e-01
9.441227912902832031e-01
6.664080023765563965e-01
7.005752325057983398e-01
9.892355203628540039e-01
8.529893159866333008e-01
7.604535222053527832e-01
9.830668568611145020e-01
8.525159955024719238e-01
1.009141445159912109e+00
8.821813464164733887e-01
1.032889246940612793e+00
8.695881366729736328e-01
9.218184947967529297e-01
9.945243000984191895e-01
1.015014052391052246e+00
8.804413676261901855e-01
9.092248082160949707e-01
6.942670345306396484e-01
7.576310634613037109e-01
8.728922605514526367e-01
9.917683005332946777e-01
8.107408285140991211e-01
6.566949486732482910e-01
1.336306214332580566e+00
8.367052674293518066e-01
8.857213258743286133e-01
7.612987160682678223e-01
7.528193593025207520e-01
8.000550270080566406e-01
7.754376530647277832e-01
8.172774314880371094e-01
9.203055500984191895e-01
9.149267673492431641e-01
8.725056648254394531e-01
9.857956767082214355e-01
7.762489914894104004e-01
7.892414927482604980e-01
8.149631023406982422e-01
9.395445585250854492e-01
9.917868375778198242e-01
1.154453992843627930e+00
9.715405106544494629e-01
8.353270888328552246e-01
8.309208154678344727e-01
8.545596003532409668e-01
8.351407051086425781e-01
7.613852024078369141e-01
7.199851870536804199e-01
7.850085496902465820e-01
9.154204726219177246e-01
7.911331653594970703e-01
7.807559370994567871e-01
1.011082887649536133e+00
8.565555810928344727e-01
9.167726635932922363e-01
6.380212903022766113e-01
7.955325245857238770e-01
7.519796490669250488e-01
8.749027848243713379e-01
7.188698649406433105e-01
7.750470638275146484e-01
1.054114341735839844e+00
7.163284420967102051e-01
1.060617804527282715e+00
8.056545257568359375e-01
8.233242034912109375e-01
9.090752601623535156e-01
9.364860057830810547e-01
9.457483291625976562e-01
8.582167625427246094e-01
1.049067854881286621e+00
8.600812554359436035e-01
9.083361029624938965e-01
7.435314059257507324e-01
8.845908641815185547e-01
7.783099412918090820e-01
7.700492739677429199e-01
7.662298083305358887e-01
9.306744337081909180e-01
8.054001927375793457e-01
1.038128137588500977e+00
7.739519476890563965e-01
8.086504340171813965e-01
1.044800877571105957e+00
7.774771451950073242e-01
7.733709812164306641e-01
8.668378591537475586e-01
7.479434609413146973e-01
7.955145239830017090e-01
7.029618620872497559e-01
9.454901814460754395e-01
6.862156391143798828e-01
6.782121658325195312e-01
9.944326281547546387e-01
9.566598534584045410e-01
1.000297784805297852e+00
7.680315971374511719e-01
7.356383204460144043e-01
9.044504165649414062e-01
8.916568160057067871e-01
8.571915626525878906e-01
9.304804801940917969e-01
7.923989892005920410e-01
9.240299463272094727e-01
8.213980793952941895e-01
6.911904811859130859e-01
8.145703077316284180e-01
8.129418492317199707e-01
9.979215264320373535e-01
7.672043442726135254e-01
8.943019509315490723e-01
7.200451493263244629e-01
7.344821691513061523e-01
9.220955967903137207e-01
8.316781520843505859e-01
9.041956067085266113e-01
1.059321403503417969e+00
7.326588034629821777e-01
8.061199188232421875e-01
9.060360789299011230e-01
9.544318318367004395e-01
7.560760378837585449e-01
7.274532914161682129e-01
7.433848381042480469e-01
7.737735509872436523e-01
7.628806233406066895e-01
9.745801091194152832e-01
7.126673460006713867e-01
7.762174010276794434e-01
8.872838020324707031e-01
8.458315730094909668e-01
1.061056733131408691e+00
8.217318058013916016e-01
6.843559145927429199e-01
7.211710214614868164e-01
1.084715127944946289e+00
7.620711922645568848e-01
7.432789206504821777e-01
6.881265044212341309e-01
8.887885808944702148e-01
8.964456319808959961e-01
7.381764054298400879e-01
6.890625357627868652e-01
8.627182245254516602e-01
7.610116004943847656e-01
9.263634085655212402e-01
6.600380539894104004e-01
7.721151709556579590e-01
9.019882678985595703e-01
9.201757311820983887e-01
8.472269773483276367e-01
8.197990059852600098e-01
7.878869175910949707e-01
6.949349641799926758e-01
8.844211101531982422e-01
7.354236841201782227e-01
1.005077004432678223e+00
1.011495947837829590e+00
8.598864078521728516e-01
7.734284400939941406e-01
9.032071232795715332e-01
8.060373663902282715e-01
1.034391283988952637e+00
8.718734979629516602e-01
6.328235864639282227e-01
7.203617095947265625e-01
1.009665369987487793e+00
7.755621075630187988e-01
8.331223130226135254e-01
9.611231088638305664e-01
7.378042936325073242e-01
8.223184347152709961e-01
9.243272542953491211e-01
7.749565839767456055e-01
7.010530829429626465e-01
1.029850006103515625e+00
6.913607120513916016e-01
8.621931672096252441e-01
8.244714140892028809e-01
9.151618480682373047e-01
8.379516005516052246e-01
8.358943462371826172e-01
6.986200213432312012e-01
8.731937408447265625e-01
7.084615826606750488e-01
7.559852600097656250e-01
1.053986549377441406e+00
8.243257403373718262e-01
6.994854211807250977e-01
8.617387413978576660e-01
7.603256702423095703e-01
6.699981689453125000e-01
6.925463080406188965e-01
6.254796981811523438e-01
9.404013752937316895e-01
6.770714521408081055e-01
7.709305882453918457e-01
8.976814150810241699e-01
8.779222965240478516e-01
7.385157346725463867e-01
9.459409713745117188e-01
6.650148034095764160e-01
8.534855246543884277e-01
7.883259654045104980e-01
7.532627582550048828e-01
8.208873867988586426e-01
9.274874329566955566e-01
8.412021398544311523e-01
6.358977556228637695e-01
7.885850071907043457e-01
9.840174913406372070e-01
8.782152533531188965e-01
7.110901474952697754e-01
8.424610495567321777e-01
5.706102252006530762e-01
7.298665046691894531e-01
8.863267302513122559e-01
6.854128241539001465e-01
5.400701761245727539e-01
8.189375400543212891e-01
7.876211404800415039e-01
6.543665528297424316e-01
7.337598204612731934e-01
8.510668873786926270e-01
8.377269506454467773e-01
7.726417779922485352e-01
9.842187166213989258e-01
1.031275629997253418e+00
7.771244049072265625e-01
8.679323792457580566e-01
7.453101873397827148e-01
9.066922664642333984e-01
7.500908374786376953e-01
9.138740897178649902e-01
7.232329249382019043e-01
7.343592047691345215e-01
7.405494451522827148e-01
6.757306456565856934e-01
9.557179212570190430e-01
8.152309656143188477e-01
8.090987801551818848e-01
8.540053367614746094e-01
7.942550778388977051e-01
1.319747924804687500e+00
7.584452033042907715e-01
8.963341712951660156e-01
9.133999943733215332e-01
9.799681901931762695e-01
9.871271252632141113e-01
8.284767866134643555e-01
8.089291453361511230e-01
6.949146389961242676e-01
1.102388143539428711e+00
1.045188188552856445e+00
8.075727224349975586e-01
5.948245525360107422e-01
7.502775192260742188e-01
7.705637216567993164e-01
7.538724541664123535e-01
7.365132570266723633e-01
7.856845855712890625e-01
7.877863645553588867e-01
6.739074587821960449e-01
8.793495893478393555e-01
9.234077334403991699e-01
6.158809065818786621e-01
8.609122633934020996e-01
8.511937260627746582e-01
8.310729861259460449e-01
7.614830136299133301e-01
9.008947014808654785e-01
8.913729190826416016e-01
6.831854581832885742e-01
1.055038452148437500e+00
7.549506425857543945e-01
7.342562079429626465e-01
5.859288573265075684e-01
7.097797989845275879e-01
6.153451204299926758e-01
8.997711539268493652e-01
1.177854299545288086e+00
9.157980084419250488e-01
9.267516136169433594e-01
8.363933563232421875e-01
7.900981903076171875e-01
7.762243747711181641e-01
1.042581081390380859e+00
1.056178927421569824e+00
8.263643980026245117e-01
9.044120311737060547e-01
8.861036896705627441e-01
7.359747290611267090e-01
9.083759188652038574e-01
6.581518650054931641e-01
9.603844285011291504e-01
7.667789459228515625e-01
7.883709073066711426e-01
6.343597769737243652e-01
8.861801624298095703e-01
8.830622434616088867e-01
7.579226493835449219e-01
7.162959575653076172e-01
6.643885374069213867e-01
7.288385629653930664e-01
8.998191952705383301e-01
7.375040054321289062e-01
8.494209051132202148e-01
9.040278196334838867e-01
6.630747318267822266e-01
1.122560024261474609e+00
7.400786280632019043e-01
7.544937133789062500e-01
7.324039936065673828e-01
8.042395114898681641e-01
7.393994927406311035e-01
9.052924513816833496e-01
8.135658502578735352e-01
8.774938583374023438e-01
7.943717241287231445e-01
6.603858470916748047e-01
8.323022127151489258e-01
8.224023580551147461e-01
9.847763776779174805e-01
9.810250997543334961e-01
4.983909428119659424e-01
1.059572458267211914e+00
8.222511410713195801e-01
8.429914116859436035e-01
7.984251379966735840e-01
8.586921095848083496e-01
8.973037004470825195e-01
9.608072638511657715e-01
8.055367469787597656e-01
7.930947542190551758e-01
8.041284084320068359e-01
7.766003608703613281e-01
9.058072566986083984e-01
8.820021748542785645e-01
7.756102085113525391e-01
7.308115363121032715e-01
8.857259154319763184e-01
7.118787765502929688e-01
7.921798825263977051e-01
7.541970014572143555e-01
7.926222085952758789e-01
8.161177635192871094e-01
8.364337086677551270e-01
8.192750215530395508e-01
6.392722725868225098e-01
6.963474154472351074e-01
8.344604372978210449e-01
6.030424237251281738e-01
8.624759912490844727e-01
6.580256223678588867e-01
7.438005208969116211e-01
7.786183953285217285e-01
1.024826288223266602e+00
6.997911334037780762e-01
7.647732496261596680e-01
1.038622021675109863e+00
8.630104660987854004e-01
8.670899868011474609e-01
8.521490693092346191e-01
7.389271855354309082e-01
6.471587419509887695e-01
9.374106526374816895e-01
8.262899518013000488e-01
1.095371723175048828e+00
8.064275979995727539e-01
6.818512082099914551e-01
7.734602689743041992e-01
7.622446417808532715e-01
7.435401678085327148e-01
7.101129889488220215e-01
8.000445961952209473e-01
7.959863543510437012e-01
7.096834778785705566e-01
6.778349280357360840e-01
6.375696659088134766e-01
6.970019936561584473e-01
9.176005125045776367e-01
6.219688057899475098e-01
1.063326120376586914e+00
5.850960016250610352e-01
8.104361295700073242e-01
7.463018894195556641e-01
9.700064659118652344e-01
8.029871582984924316e-01
7.938466072082519531e-01
7.020958065986633301e-01
9.556807279586791992e-01
8.827306628227233887e-01
9.507526159286499023e-01
6.807452440261840820e-01
7.507908344268798828e-01
8.028950095176696777e-01
7.009682059288024902e-01
6.821494698524475098e-01
7.293907999992370605e-01
8.555962443351745605e-01
9.223583340644836426e-01
7.399218082427978516e-01
8.288244009017944336e-01
7.755072712898254395e-01
9.953149557113647461e-01
8.309954404830932617e-01
7.264530062675476074e-01
7.246912717819213867e-01
6.438263058662414551e-01
9.716476202011108398e-01
8.412064313888549805e-01
9.465845227241516113e-01
5.639083981513977051e-01
8.272119760513305664e-01
7.837007045745849609e-01
6.063002943992614746e-01
7.733196020126342773e-01
6.676266193389892578e-01
7.979931831359863281e-01
7.560375928878784180e-01
9.530184268951416016e-01
7.718554735183715820e-01
7.656761407852172852e-01
5.954754352569580078e-01
8.847290873527526855e-01
1.002693653106689453e+00
6.589646339416503906e-01
7.975503206253051758e-01
8.485417366027832031e-01
7.593138217926025391e-01
7.358652353286743164e-01
8.061625957489013672e-01
7.853199243545532227e-01
9.347018599510192871e-01
9.861885905265808105e-01
6.280052065849304199e-01
8.698700666427612305e-01
6.826577186584472656e-01
7.903181910514831543e-01
8.685791492462158203e-01
5.438280105590820312e-01
8.086369633674621582e-01
7.655003070831298828e-01
1.024268746376037598e+00
6.157661676406860352e-01
8.481146097183227539e-01
8.627526760101318359e-01
5.983014106750488281e-01
6.847446560859680176e-01
8.250841498374938965e-01
7.345295548439025879e-01
7.763221859931945801e-01
8.290127515792846680e-01
9.094766378402709961e-01
6.640651226043701172e-01
5.763570070266723633e-01
6.960754394531250000e-01
7.178252935409545898e-01
9.324970841407775879e-01
9.260497093200683594e-01
6.445138454437255859e-01
7.188668251037597656e-01
9.045841097831726074e-01
7.343650460243225098e-01
7.662459611892700195e-01
1.146143198013305664e+00
9.410886764526367188e-01
1.063612341880798340e+00
7.620409131050109863e-01
7.453420758247375488e-01
9.684067368507385254e-01
1.091398119926452637e+00
8.674500584602355957e-01
6.674963831901550293e-01
7.236465811729431152e-01
6.866914033889770508e-01
8.837556838989257812e-01
8.080797195434570312e-01
5.968174338340759277e-01
7.380970120429992676e-01
6.629084348678588867e-01
8.253519535064697266e-01
7.044166326522827148e-01
8.409129977226257324e-01
8.063334822654724121e-01
8.037316203117370605e-01
7.105625867843627930e-01
7.925142049789428711e-01
6.257054805755615234e-01
7.774751186370849609e-01
9.881990551948547363e-01
8.143124580383300781e-01
8.669493198394775391e-01
7.728135585784912109e-01
6.641601324081420898e-01
6.867192387580871582e-01
6.426422595977783203e-01
7.385997176170349121e-01
1.018587350845336914e+00
9.691324234008789062e-01
6.586929559707641602e-01
7.218168377876281738e-01
4.896446168422698975e-01
6.383025050163269043e-01
7.273755669593811035e-01
8.295827507972717285e-01
7.152437567710876465e-01
9.138292670249938965e-01
7.775989770889282227e-01
8.570209145545959473e-01
1.154131412506103516e+00
6.574731469154357910e-01
6.479244828224182129e-01
8.900222182273864746e-01
6.791243553161621094e-01
6.027884483337402344e-01
5.480173230171203613e-01
6.830344200134277344e-01
9.091268777847290039e-01
6.732780933380126953e-01
9.884300827980041504e-01
7.906594276428222656e-01
8.314107656478881836e-01
8.801629543304443359e-01
6.742787361145019531e-01
9.344834089279174805e-01
8.345859050750732422e-01
8.886078000068664551e-01
7.530191540718078613e-01
7.716891169548034668e-01
7.321977615356445312e-01
9.296293258666992188e-01
7.483748793601989746e-01
7.529313564300537109e-01
8.144102096557617188e-01
9.252180457115173340e-01
7.607488632202148438e-01
6.487738490104675293e-01
9.521242380142211914e-01
8.272593021392822266e-01
8.485953807830810547e-01
6.266986131668090820e-01
9.070259928703308105e-01
8.833404183387756348e-01
8.931502699851989746e-01
8.685718774795532227e-01
7.567365169525146484e-01
8.223127722740173340e-01
8.886860609054565430e-01
7.673551440238952637e-01
7.562909722328186035e-01
7.579153180122375488e-01
1.003111958503723145e+00
7.305959463119506836e-01
6.599122881889343262e-01
6.824561357498168945e-01
7.124935388565063477e-01
7.285549640655517578e-01
6.829836368560791016e-01
6.858440041542053223e-01
8.063037991523742676e-01
6.127130985260009766e-01
5.554113388061523438e-01
7.339253425598144531e-01
7.937524318695068359e-01
7.389555573463439941e-01
6.536504626274108887e-01
7.724644541740417480e-01
9.730406999588012695e-01
8.240270018577575684e-01
7.546885609626770020e-01
5.490972995758056641e-01
8.332934975624084473e-01
6.429616808891296387e-01
6.780917644500732422e-01
8.241903185844421387e-01
5.588927268981933594e-01
8.618235588073730469e-01
6.911528706550598145e-01
6.015068292617797852e-01
7.955531477928161621e-01
7.162581086158752441e-01
8.722469210624694824e-01
7.746258974075317383e-01
8.119513988494873047e-01
8.567181229591369629e-01
8.930400609970092773e-01
8.259882926940917969e-01
9.383340477943420410e-01
5.823547840118408203e-01
7.241734266281127930e-01
7.630639672279357910e-01
7.560517787933349609e-01
9.227311611175537109e-01
1.070018053054809570e+00
6.526767015457153320e-01
9.404739141464233398e-01
7.461746931076049805e-01
9.442734718322753906e-01
8.316995501518249512e-01
8.099333643913269043e-01
7.283324599266052246e-01
7.959861159324645996e-01
8.382412195205688477e-01
7.547982335090637207e-01
7.610790133476257324e-01
6.727019548416137695e-01
8.041013479232788086e-01
9.405029416084289551e-01
7.667925953865051270e-01
4.477594494819641113e-01
7.450485229492187500e-01
7.419884204864501953e-01
7.268908023834228516e-01
9.367828965187072754e-01
7.418194413185119629e-01
7.947885990142822266e-01
8.381223082542419434e-01
7.743815183639526367e-01
9.159409999847412109e-01
7.857515215873718262e-01
6.101996898651123047e-01
6.356557607650756836e-01
7.162961959838867188e-01
7.875174283981323242e-01
8.216814994812011719e-01
6.758841872215270996e-01
6.012297868728637695e-01
8.067120909690856934e-01
6.985968351364135742e-01
7.949038743972778320e-01
8.637105226516723633e-01
7.893066406250000000e-01
1.061609745025634766e+00
1.063742995262145996e+00
8.994495868682861328e-01
7.145723104476928711e-01
8.289494514465332031e-01
7.212024927139282227e-01
6.094538569450378418e-01
4.965245425701141357e-01
1.108014702796936035e+00
1.085654139518737793e+00
5.888089537620544434e-01
7.195635437965393066e-01
7.937031984329223633e-01
7.177873253822326660e-01
8.293794989585876465e-01
7.444223165512084961e-01
9.586604237556457520e-01
6.931621432304382324e-01
7.497601509094238281e-01
8.776583075523376465e-01
6.549356579780578613e-01
7.534190416336059570e-01
7.574247121810913086e-01
7.484440207481384277e-01
5.270302295684814453e-01
6.464631557464599609e-01
6.969019174575805664e-01
8.195257186889648438e-01
8.487334251403808594e-01
6.347860097885131836e-01
7.511212229728698730e-01
1.223898291587829590e+00
9.015919566154479980e-01
6.831855773925781250e-01
7.573766112327575684e-01
1.101501941680908203e+00
6.863132119178771973e-01
5.917295813560485840e-01
8.071098327636718750e-01
7.013961672782897949e-01
8.846077919006347656e-01
7.258207201957702637e-01
9.161164164543151855e-01
1.037889003753662109e+00
1.007674098014831543e+00
5.874079465866088867e-01
8.300946354866027832e-01
7.213328480720520020e-01
8.490689396858215332e-01
8.079990148544311523e-01
8.152098059654235840e-01
6.256225705146789551e-01
9.003221392631530762e-01
8.245018720626831055e-01
9.324703216552734375e-01
6.949193477630615234e-01
7.869848608970642090e-01
7.340126633644104004e-01
7.800417542457580566e-01
6.664773225784301758e-01
6.804778575897216797e-01
6.593277454376220703e-01
7.601762413978576660e-01
7.015039920806884766e-01
7.613956332206726074e-01
7.407228350639343262e-01
7.910522222518920898e-01
7.937923669815063477e-01
7.353620529174804688e-01
6.631867885589599609e-01
8.647623062133789062e-01
7.942099571228027344e-01
7.008274197578430176e-01
6.986196041107177734e-01
8.354838490486145020e-01
6.239598393440246582e-01
6.163133382797241211e-01
8.902269601821899414e-01
8.449157476425170898e-01
7.611488699913024902e-01
6.721285581588745117e-01
5.660402774810791016e-01
6.292967796325683594e-01
6.999568343162536621e-01
5.592765808105468750e-01
8.921895623207092285e-01
7.010309100151062012e-01
3.865529894828796387e-01
7.410369515419006348e-01
6.696301102638244629e-01
7.908433675765991211e-01
8.050661087036132812e-01
6.758514642715454102e-01
7.216783165931701660e-01
9.613931179046630859e-01
8.116753101348876953e-01
7.343956232070922852e-01
7.381167411804199219e-01
9.124411940574645996e-01
7.920371890068054199e-01
6.966069340705871582e-01
4.618199169635772705e-01
7.299352288246154785e-01
1.056409478187561035e+00
5.903786420822143555e-01
8.058385848999023438e-01
1.051168322563171387e+00
5.816664099693298340e-01
6.470960974693298340e-01
7.972421646118164062e-01
6.159092187881469727e-01
7.273683547973632812e-01
9.000424742698669434e-01
6.732220053672790527e-01
7.776042819023132324e-01
8.737539052963256836e-01
8.221434950828552246e-01
5.709241032600402832e-01
7.044280767440795898e-01
4.940335452556610107e-01
7.691370844841003418e-01
8.143006563186645508e-01
9.289463162422180176e-01
7.898892760276794434e-01
9.936846494674682617e-01
7.732622027397155762e-01
7.810395956039428711e-01
8.452773690223693848e-01
8.059045076370239258e-01
7.900215387344360352e-01
7.596793174743652344e-01
7.947624325752258301e-01
7.752969264984130859e-01
7.704143524169921875e-01
7.051734924316406250e-01
9.063822031021118164e-01
6.919674873352050781e-01
8.740813732147216797e-01
5.777303576469421387e-01
6.073819398880004883e-01
7.473645806312561035e-01
5.863168835639953613e-01
6.283851265907287598e-01
9.140943884849548340e-01
6.679147481918334961e-01
7.495357394218444824e-01
5.610288977622985840e-01
5.354313850402832031e-01
6.985484361648559570e-01
8.694607019424438477e-01
8.064593076705932617e-01
9.118633270263671875e-01
8.669525384902954102e-01
7.996647357940673828e-01
8.201551437377929688e-01
7.446617484092712402e-01
7.028158307075500488e-01
8.394482731819152832e-01
5.578193664550781250e-01
5.414632558822631836e-01
9.063807725906372070e-01
5.347127914428710938e-01
8.841150999069213867e-01
7.215758562088012695e-01
6.583212614059448242e-01
7.569123506546020508e-01
6.814290881156921387e-01
7.376194596290588379e-01
7.108246088027954102e-01
7.598451375961303711e-01
8.174275159835815430e-01
6.669227480888366699e-01
7.352418899536132812e-01
7.182212471961975098e-01
8.035714030265808105e-01
7.459748983383178711e-01
6.131286621093750000e-01
6.295913457870483398e-01
6.445046663284301758e-01
7.105841636657714844e-01
7.118198275566101074e-01
6.858147978782653809e-01
7.798162102699279785e-01
6.941038370132446289e-01
7.050646543502807617e-01
7.645813822746276855e-01
8.026842474937438965e-01
9.114369750022888184e-01
7.869586944580078125e-01
7.644165158271789551e-01
6.646328568458557129e-01
1.011479139328002930e+00
7.501734495162963867e-01
6.731317043304443359e-01
7.201858758926391602e-01
7.593775987625122070e-01
7.943073511123657227e-01
5.581271648406982422e-01
7.547715902328491211e-01
9.531289339065551758e-01
7.570645809173583984e-01
7.777082324028015137e-01
7.650911211967468262e-01
5.309968590736389160e-01
7.096191644668579102e-01
6.995894312858581543e-01
6.604052782058715820e-01
8.941282033920288086e-01
8.939070105552673340e-01
7.030457854270935059e-01
7.969568967819213867e-01
7.741904258728027344e-01
6.993203163146972656e-01
6.309909820556640625e-01
8.813069462776184082e-01
8.531750440597534180e-01
8.544881343841552734e-01
5.696518421173095703e-01
9.371702075004577637e-01
9.437897205352783203e-01
7.053543329238891602e-01
7.969514131546020508e-01
7.245760560035705566e-01
5.933787822723388672e-01
6.636009216308593750e-01
8.079925775527954102e-01
9.230946302413940430e-01
6.211841106414794922e-01
7.714692950248718262e-01
6.464989781379699707e-01
8.203900456428527832e-01
5.842919945716857910e-01
7.243725657463073730e-01
7.636904716491699219e-01
8.482443094253540039e-01
6.846594214439392090e-01
7.759903669357299805e-01
7.755532860755920410e-01
6.197228431701660156e-01
5.839538574218750000e-01
7.330363392829895020e-01
8.803773522377014160e-01
7.738701701164245605e-01
6.179489493370056152e-01
6.502830386161804199e-01
5.903714299201965332e-01
8.435505628585815430e-01
8.517900109291076660e-01
7.038085460662841797e-01
7.001361846923828125e-01
7.281561493873596191e-01
1.004453539848327637e+00
1.108158946037292480e+00
6.732413172721862793e-01
6.955370903015136719e-01
7.205033302307128906e-01
8.229294419288635254e-01
6.715050935745239258e-01
7.370198369026184082e-01
7.587026357650756836e-01
6.740763783454895020e-01
6.177361607551574707e-01
4.547505676746368408e-01
6.725281476974487305e-01
8.945218920707702637e-01
9.247143864631652832e-01
7.436714172363281250e-01
8.537726402282714844e-01
7.398686408996582031e-01
8.620742559432983398e-01
7.529767155647277832e-01
8.790558576583862305e-01
7.723479866981506348e-01
6.918959617614746094e-01
1.006733894348144531e+00
7.848895192146301270e-01
6.363902688026428223e-01
9.176171422004699707e-01
7.779223918914794922e-01
6.010754704475402832e-01
5.740855932235717773e-01
7.490387558937072754e-01
8.220838904380798340e-01
7.458208203315734863e-01
7.624346613883972168e-01
6.817240715026855469e-01
5.789180397987365723e-01
5.616575479507446289e-01
8.172441124916076660e-01
7.734349370002746582e-01
8.829366564750671387e-01
6.763414144515991211e-01
6.968604326248168945e-01
7.503248453140258789e-01
7.149665355682373047e-01
7.354674935340881348e-01
8.707620501518249512e-01
8.661750555038452148e-01
8.860015869140625000e-01
6.049206256866455078e-01
7.343404889106750488e-01
6.700058579444885254e-01
6.385999917984008789e-01
1.024711251258850098e+00
1.074952244758605957e+00
8.037028908729553223e-01
6.641967892646789551e-01
6.494645476341247559e-01
7.836995124816894531e-01
7.347420454025268555e-01
6.598981022834777832e-01
9.717622995376586914e-01
7.040673494338989258e-01
7.092001438140869141e-01
8.213234543800354004e-01
7.418289780616760254e-01
8.230941891670227051e-01
6.047091484069824219e-01
6.794486045837402344e-01
7.853850722312927246e-01
6.492290496826171875e-01
8.255654573440551758e-01
6.385865807533264160e-01
8.606884479522705078e-01
6.963323950767517090e-01
6.673031449317932129e-01
1.051538825035095215e+00
7.435697317123413086e-01
5.501517653465270996e-01
7.537239789962768555e-01
9.445022940635681152e-01
8.464998602867126465e-01
7.019439935684204102e-01
7.754972577095031738e-01
7.187066674232482910e-01
7.628558278083801270e-01
8.517101407051086426e-01
6.685408353805541992e-01
6.465387344360351562e-01
9.329080581665039062e-01
8.560875654220581055e-01
8.447321057319641113e-01
7.095667719841003418e-01
7.586433887481689453e-01
8.226734399795532227e-01
7.539979815483093262e-01
9.868716001510620117e-01
8.136636018753051758e-01
5.807147026062011719e-01
7.937538623809814453e-01
6.606050729751586914e-01
6.178556680679321289e-01
6.299954056739807129e-01
7.018198370933532715e-01
7.254813909530639648e-01
8.021832108497619629e-01
4.593200981616973877e-01
5.199896693229675293e-01
7.104700207710266113e-01
6.357248425483703613e-01
9.584669470787048340e-01
6.453363895416259766e-01
9.238970875740051270e-01
5.973919630050659180e-01
7.316176295280456543e-01
7.379969954490661621e-01
9.314039349555969238e-01
9.332121014595031738e-01
7.005928754806518555e-01
7.193956375122070312e-01
7.154960036277770996e-01
7.295087575912475586e-01
5.806709527969360352e-01
9.082695245742797852e-01
7.536132335662841797e-01
7.131150960922241211e-01
4.967419207096099854e-01
6.510702967643737793e-01
5.070724487304687500e-01
7.168292403221130371e-01
6.952087283134460449e-01
8.139374852180480957e-01
7.569530010223388672e-01
6.597401499748229980e-01
6.737995147705078125e-01
6.578153967857360840e-01
7.774785757064819336e-01
8.411092162132263184e-01
6.641178727149963379e-01
7.883041501045227051e-01
5.897521376609802246e-01
7.968370914459228516e-01
6.904548406600952148e-01
7.458052635192871094e-01
5.049273967742919922e-01
9.074211120605468750e-01
5.637810826301574707e-01
9.132014513015747070e-01
9.894186258316040039e-01
6.503834128379821777e-01
7.077825665473937988e-01
8.317246437072753906e-01
8.475712537765502930e-01
7.593383193016052246e-01
6.579703688621520996e-01
6.397516131401062012e-01
7.629591822624206543e-01
9.053055047988891602e-01
7.935447096824645996e-01
8.213032484054565430e-01
7.690882086753845215e-01
9.325011372566223145e-01
9.298051595687866211e-01
6.788744926452636719e-01
7.827274203300476074e-01
5.392057299613952637e-01
4.247948527336120605e-01
7.853877544403076172e-01
9.710494875907897949e-01
8.920456767082214355e-01
7.527350783348083496e-01
7.740975022315979004e-01
6.391049623489379883e-01
7.958944439888000488e-01
1.045754075050354004e+00
7.378358840942382812e-01
8.041307926177978516e-01
6.623325943946838379e-01
8.289724588394165039e-01
8.477661013603210449e-01
8.524967432022094727e-01
8.761914968490600586e-01
5.644472837448120117e-01
5.395622253417968750e-01
5.718415975570678711e-01
5.110766887664794922e-01
6.699792742729187012e-01
6.709312200546264648e-01
5.554533600807189941e-01
6.623534560203552246e-01
6.771474480628967285e-01
7.896071076393127441e-01
6.609800457954406738e-01
7.008265256881713867e-01
7.342773079872131348e-01
7.163099646568298340e-01
8.631047606468200684e-01
6.948894262313842773e-01
8.018527030944824219e-01
8.552137613296508789e-01
8.329887390136718750e-01
6.068684458732604980e-01
8.316272497177124023e-01
8.370306491851806641e-01
6.460407376289367676e-01
7.676559090614318848e-01
8.030174970626831055e-01
8.628255724906921387e-01
9.647781848907470703e-01
5.752408504486083984e-01
8.675533533096313477e-01
7.028322219848632812e-01
8.130916357040405273e-01
7.182693481445312500e-01
7.318576574325561523e-01
6.651093959808349609e-01
7.375435829162597656e-01
6.380559206008911133e-01
8.996544480323791504e-01
6.632757186889648438e-01
1.121054291725158691e+00
6.704454421997070312e-01
6.946955323219299316e-01
7.569302916526794434e-01
7.364308834075927734e-01
8.161024451255798340e-01
7.355685830116271973e-01
8.214836120605468750e-01
8.981986641883850098e-01
6.395135521888732910e-01
8.524158596992492676e-01
6.722662448883056641e-01
8.154213428497314453e-01
1.027507066726684570e+00
8.789531588554382324e-01
8.334493041038513184e-01
7.607015371322631836e-01
7.836763858795166016e-01
8.864687085151672363e-01
6.892494559288024902e-01
9.488909840583801270e-01
7.278900742530822754e-01
6.636931896209716797e-01
9.850218296051025391e-01
6.851913332939147949e-01
6.153342723846435547e-01
6.748744249343872070e-01
6.804229021072387695e-01
8.728355765342712402e-01
8.234370946884155273e-01
8.323677182197570801e-01
7.380644679069519043e-01
5.840322375297546387e-01
7.309840917587280273e-01
7.454612255096435547e-01
7.078006267547607422e-01
6.973692774772644043e-01
6.882397532463073730e-01
8.575688600540161133e-01
6.639116406440734863e-01
7.540481686592102051e-01
5.215217471122741699e-01
6.962851881980895996e-01
5.091226696968078613e-01
7.234582304954528809e-01
7.949929833412170410e-01
6.000059247016906738e-01
9.202882051467895508e-01
6.284848451614379883e-01
9.204324483871459961e-01
6.106183528900146484e-01
7.957313656806945801e-01
9.347151517868041992e-01
6.023082137107849121e-01
9.333214759826660156e-01
7.973892092704772949e-01
7.816337943077087402e-01
6.870638132095336914e-01
7.004947662353515625e-01
7.398269772529602051e-01
7.923056483268737793e-01
6.134385466575622559e-01
5.740895867347717285e-01
8.944641947746276855e-01
6.383976936340332031e-01
6.620394587516784668e-01
7.227863073348999023e-01
7.767174839973449707e-01
7.275564670562744141e-01
7.300710678100585938e-01
7.131031751632690430e-01
5.787472128868103027e-01
8.066287040710449219e-01
6.364084482192993164e-01
6.389992833137512207e-01
6.602163314819335938e-01
5.558485388755798340e-01
7.054895162582397461e-01
8.371409773826599121e-01
7.838024497032165527e-01
8.153496980667114258e-01
9.694900512695312500e-01
8.636561036109924316e-01
5.722554922103881836e-01
7.627767920494079590e-01
6.561416387557983398e-01
7.874914407730102539e-01
7.526684999465942383e-01
6.438857316970825195e-01
5.808791518211364746e-01
5.402238965034484863e-01
1.007935643196105957e+00
7.279496788978576660e-01
5.971950292587280273e-01
6.327584981918334961e-01
1.020912766456604004e+00
1.021535038948059082e+00
7.004169225692749023e-01
9.172931909561157227e-01
7.265601158142089844e-01
8.498389124870300293e-01
7.374245524406433105e-01
6.638140678405761719e-01
7.699242830276489258e-01
9.070526361465454102e-01
8.317832946777343750e-01
6.869122385978698730e-01
7.390146255493164062e-01
6.325126290321350098e-01
1.028336644172668457e+00
7.533627748489379883e-01
6.702131628990173340e-01
8.274933099746704102e-01
8.823735713958740234e-01
6.202336549758911133e-01
7.870216965675354004e-01
6.320770978927612305e-01
8.849245905876159668e-01
7.467911243438720703e-01
8.102512359619140625e-01
5.618327260017395020e-01
8.847352862358093262e-01
7.268884778022766113e-01
6.825844049453735352e-01
6.631138324737548828e-01
8.325328230857849121e-01
7.225080132484436035e-01
6.691911816596984863e-01
6.923484802246093750e-01
6.620190739631652832e-01
8.850183486938476562e-01
8.384920358657836914e-01
7.648924589157104492e-01
6.502770781517028809e-01
5.968700647354125977e-01
5.623953938484191895e-01
6.097880601882934570e-01
7.583802938461303711e-01
6.661697626113891602e-01
8.682035207748413086e-01
8.933495283126831055e-01
6.002585887908935547e-01
7.138342857360839844e-01
7.574590444564819336e-01
6.339716315269470215e-01
7.423567771911621094e-01
4.973573386669158936e-01
6.237831711769104004e-01
6.082763671875000000e-01
1.004582524299621582e+00
7.841941118240356445e-01
5.936384201049804688e-01
7.042266130447387695e-01
6.476535797119140625e-01
7.602959871292114258e-01
7.094396948814392090e-01
8.255629539489746094e-01
5.490571856498718262e-01
5.925822257995605469e-01
6.879533529281616211e-01
4.969762265682220459e-01
5.839428305625915527e-01
7.177513241767883301e-01
7.091888189315795898e-01
7.160444855690002441e-01
7.292408943176269531e-01
8.720995783805847168e-01
8.635310530662536621e-01
6.363860368728637695e-01
5.710800290107727051e-01
8.012371659278869629e-01
6.798429489135742188e-01
8.061138391494750977e-01
6.538651585578918457e-01
8.588032722473144531e-01
7.094835042953491211e-01
7.409274578094482422e-01
7.739438414573669434e-01
8.103792667388916016e-01
8.276200890541076660e-01
7.673574686050415039e-01
4.213707745075225830e-01
7.381259799003601074e-01
7.635213136672973633e-01
6.742147207260131836e-01
4.557968080043792725e-01
8.933773636817932129e-01
5.978306531906127930e-01
5.472238659858703613e-01
7.547369599342346191e-01
8.111562132835388184e-01
8.037713170051574707e-01
6.506904959678649902e-01
6.886530518531799316e-01
6.212537288665771484e-01
5.698943138122558594e-01
9.870828986167907715e-01
7.979753017425537109e-01
6.478425860404968262e-01
6.553307771682739258e-01
8.725321888923645020e-01
7.969306707382202148e-01
6.611241102218627930e-01
7.799900174140930176e-01
7.658752202987670898e-01
7.244988679885864258e-01
6.589040756225585938e-01
4.992907643318176270e-01
6.698850393295288086e-01
8.983422517776489258e-01
5.694760084152221680e-01
6.915989518165588379e-01
6.732805371284484863e-01
9.265567660331726074e-01
6.792203187942504883e-01
6.745207905769348145e-01
7.164993882179260254e-01
7.989618778228759766e-01
6.973780393600463867e-01
6.669794321060180664e-01
6.796968579292297363e-01
7.249620556831359863e-01
7.298790216445922852e-01
7.078477740287780762e-01
8.485089540481567383e-01
8.185180425643920898e-01
8.250280618667602539e-01
8.709196448326110840e-01
7.812039256095886230e-01
7.220062613487243652e-01
7.713328003883361816e-01
8.011345863342285156e-01
5.694181323051452637e-01
9.670975208282470703e-01
8.062605857849121094e-01
7.352821826934814453e-01
6.756292581558227539e-01
6.558789014816284180e-01
9.044837951660156250e-01
5.825816988945007324e-01
8.133778572082519531e-01
6.196984052658081055e-01
7.823528647422790527e-01
7.739282250404357910e-01
7.916851043701171875e-01
8.304237723350524902e-01
6.128321886062622070e-01
6.635419130325317383e-01
6.536421179771423340e-01
7.969241142272949219e-01
6.625136733055114746e-01
5.748438835144042969e-01
7.170397639274597168e-01
7.833892107009887695e-01
4.991016387939453125e-01
7.108126282691955566e-01
6.187037825584411621e-01
7.312036752700805664e-01
5.918669700622558594e-01
6.964144110679626465e-01
7.996901869773864746e-01
7.671257853507995605e-01
5.478420853614807129e-01
7.578238844871520996e-01
7.810267806053161621e-01
6.673800945281982422e-01
7.571082711219787598e-01
7.322678565979003906e-01
7.549924850463867188e-01
7.425941228866577148e-01
5.837080478668212891e-01
6.806886792182922363e-01
4.004393815994262695e-01
7.953386306762695312e-01
8.550508022308349609e-01
4.837485551834106445e-01
3.756335675716400146e-01
7.063664793968200684e-01
7.746129631996154785e-01
6.425897479057312012e-01
6.591655015945434570e-01
6.210110187530517578e-01
9.160661101341247559e-01
7.329761981964111328e-01
6.937186121940612793e-01
9.473698139190673828e-01
8.320478200912475586e-01
6.503042578697204590e-01
6.568005681037902832e-01
6.958627700805664062e-01
7.365311384201049805e-01
7.896944284439086914e-01
6.459255218505859375e-01
6.198074221611022949e-01
6.151544451713562012e-01
6.928977966308593750e-01
5.884011387825012207e-01
9.499682188034057617e-01
7.133230566978454590e-01
5.962390899658203125e-01
6.591814160346984863e-01
7.194932699203491211e-01
7.866616249084472656e-01
6.527554988861083984e-01
6.835108399391174316e-01
9.719866514205932617e-01
9.772367477416992188e-01
8.062809705734252930e-01
7.595908045768737793e-01
7.746651172637939453e-01
7.005993723869323730e-01
5.784507989883422852e-01
5.395885705947875977e-01
5.375803112983703613e-01
5.589138865470886230e-01
7.369855642318725586e-01
6.732230186462402344e-01
6.348335146903991699e-01
9.495173096656799316e-01
8.624659180641174316e-01
6.599411368370056152e-01
5.756134390830993652e-01
5.031179189682006836e-01
8.615347743034362793e-01
7.007188200950622559e-01
1.059142589569091797e+00
6.635766625404357910e-01
5.962550044059753418e-01
6.305198073387145996e-01
7.221271395683288574e-01
7.546397447586059570e-01
6.653987169265747070e-01
6.820651888847351074e-01
7.552584409713745117e-01
7.703871130943298340e-01
7.467494606971740723e-01
5.577310323715209961e-01
8.232184648513793945e-01
7.668192386627197266e-01
7.514058351516723633e-01
6.390618681907653809e-01
7.436439990997314453e-01
9.223337173461914062e-01
8.754822015762329102e-01
7.638552784919738770e-01
9.648959040641784668e-01
7.398871779441833496e-01
4.548061490058898926e-01
6.650853753089904785e-01
5.500885844230651855e-01
7.178245186805725098e-01
6.696025133132934570e-01
9.687902927398681641e-01
5.505826473236083984e-01
7.226462364196777344e-01
6.615983843803405762e-01
6.198611855506896973e-01
6.825781464576721191e-01
5.087215304374694824e-01
4.494353532791137695e-01
9.408751726150512695e-01
7.478829622268676758e-01
5.688367486000061035e-01
5.772034525871276855e-01
7.629249691963195801e-01
5.494508743286132812e-01
7.222201824188232422e-01
6.076468229293823242e-01
8.821235895156860352e-01
6.902216672897338867e-01
6.965528726577758789e-01
6.685060858726501465e-01
9.752327799797058105e-01
8.099703192710876465e-01
5.871304869651794434e-01
8.487597107887268066e-01
1.295529365539550781e+00
6.387943625450134277e-01
6.920614838600158691e-01
7.683544754981994629e-01
7.417268753051757812e-01
7.863798737525939941e-01
9.051345586776733398e-01
5.855245590209960938e-01
7.521496415138244629e-01
8.949643969535827637e-01
8.208111524581909180e-01
9.321838617324829102e-01
7.698025703430175781e-01
8.161799907684326172e-01
5.300245285034179688e-01
7.133356332778930664e-01
6.883559823036193848e-01
8.871948122978210449e-01
5.425809025764465332e-01
5.943540930747985840e-01
5.826963782310485840e-01
6.459504365921020508e-01
8.450381755828857422e-01
9.421772956848144531e-01
5.576137900352478027e-01
6.698156595230102539e-01
7.539085745811462402e-01
6.439689397811889648e-01
7.713774442672729492e-01
6.705623269081115723e-01
5.535793304443359375e-01
6.431868076324462891e-01
7.721499800682067871e-01
6.514500379562377930e-01
5.430781245231628418e-01
6.354368925094604492e-01
1.080125212669372559e+00
8.537939786911010742e-01
6.146647930145263672e-01
5.537891387939453125e-01
6.349899768829345703e-01
5.612803101539611816e-01
6.545730829238891602e-01
9.316712617874145508e-01
6.051032543182373047e-01
7.213860750198364258e-01
8.363113999366760254e-01
5.921593308448791504e-01
5.552762150764465332e-01
1.112537264823913574e+00
5.627862811088562012e-01
7.556887269020080566e-01
7.105886340141296387e-01
6.391806602478027344e-01
7.123491764068603516e-01
5.716466307640075684e-01
8.331887125968933105e-01
6.526110768318176270e-01
5.949773192405700684e-01
7.643531560897827148e-01
9.343677163124084473e-01
8.082148432731628418e-01
7.250699400901794434e-01
6.932503581047058105e-01
7.226107120513916016e-01
7.632185220718383789e-01
6.766116023063659668e-01
6.754941940307617188e-01
8.218023777008056641e-01
7.257726192474365234e-01
6.113518476486206055e-01
8.117887377738952637e-01
5.359879136085510254e-01
6.464617848396301270e-01
7.345356941223144531e-01
7.240113019943237305e-01
8.353293538093566895e-01
1.010739684104919434e+00
7.816466093063354492e-01
7.428525090217590332e-01
6.926223039627075195e-01
7.627910375595092773e-01
6.761029958724975586e-01
8.531453013420104980e-01
6.545134186744689941e-01
6.303095817565917969e-01
6.991362571716308594e-01
8.546273112297058105e-01
5.929527282714843750e-01
6.400690078735351562e-01
6.058566570281982422e-01
5.042584538459777832e-01
7.321597337722778320e-01
7.751370668411254883e-01
6.443658471107482910e-01
6.774541139602661133e-01
5.856262445449829102e-01
6.131573915481567383e-01
8.964321613311767578e-01
4.453873634338378906e-01
6.007419824600219727e-01
7.317924499511718750e-01
7.336504459381103516e-01
6.905680894851684570e-01
9.768126606941223145e-01
6.614183187484741211e-01
6.463575363159179688e-01
6.539800763130187988e-01
7.099685072898864746e-01
7.268001437187194824e-01
8.560649752616882324e-01
9.061149954795837402e-01
4.171450734138488770e-01
4.395777285099029541e-01
6.801980137825012207e-01
6.137620210647583008e-01
6.088812947273254395e-01
7.942475080490112305e-01
8.853062391281127930e-01
7.540209293365478516e-01
6.608824133872985840e-01
8.125203847885131836e-01
7.507528066635131836e-01
8.326326012611389160e-01
6.226781606674194336e-01
7.320283651351928711e-01
8.359827399253845215e-01
7.330623269081115723e-01
7.294552326202392578e-01
5.874890089035034180e-01
8.502727746963500977e-01
4.889917373657226562e-01
6.519011259078979492e-01
8.207633495330810547e-01
5.902224183082580566e-01
9.376585483551025391e-01
8.609866499900817871e-01
7.817968130111694336e-01
5.785857439041137695e-01
6.063692569732666016e-01
6.465069055557250977e-01
8.994268774986267090e-01
4.973558783531188965e-01
6.580801606178283691e-01
4.431403875350952148e-01
5.282835960388183594e-01
6.647567152976989746e-01
5.446274876594543457e-01
8.572590351104736328e-01
6.984442472457885742e-01
8.213408589363098145e-01
6.013036370277404785e-01
8.420330882072448730e-01
6.712933182716369629e-01
6.585629582405090332e-01
7.774210572242736816e-01
8.223453760147094727e-01
6.421762108802795410e-01
6.965470910072326660e-01
8.055703043937683105e-01
7.955597043037414551e-01
6.389758586883544922e-01
6.072582006454467773e-01
7.523137331008911133e-01
7.136819362640380859e-01
7.053907513618469238e-01
5.858330726623535156e-01
5.970438122749328613e-01
6.148726344108581543e-01
6.317967772483825684e-01
5.163736343383789062e-01
4.607431888580322266e-01
6.567013859748840332e-01
6.262373328208923340e-01
7.788259387016296387e-01
7.859197854995727539e-01
6.826841235160827637e-01
8.001227974891662598e-01
8.105069398880004883e-01
6.277363300323486328e-01
5.341084599494934082e-01
8.555966019630432129e-01
6.361276507377624512e-01
9.747914075851440430e-01
5.824054479598999023e-01
6.782325506210327148e-01
6.734940409660339355e-01
7.606751918792724609e-01
6.631345748901367188e-01
1.027364253997802734e+00
8.066500425338745117e-01
6.649230122566223145e-01
6.989176273345947266e-01
6.069819331169128418e-01
5.134215950965881348e-01
8.306145071983337402e-01
6.537462472915649414e-01
6.368072628974914551e-01
5.447217822074890137e-01
6.840904355049133301e-01
8.097963333129882812e-01
5.909801125526428223e-01
7.985837459564208984e-01
7.820537686347961426e-01
5.915780663490295410e-01
7.524369955062866211e-01
7.166376113891601562e-01
6.633942723274230957e-01
5.358317494392395020e-01
8.217286467552185059e-01
9.232178926467895508e-01
9.264614582061767578e-01
8.623387217521667480e-01
7.462448477745056152e-01
6.800938248634338379e-01
7.534853219985961914e-01
8.139543533325195312e-01
6.562793254852294922e-01
7.163761854171752930e-01
6.473371982574462891e-01
7.645795345306396484e-01
9.430894255638122559e-01
6.816071271896362305e-01
7.508807778358459473e-01
5.324167013168334961e-01
4.069140851497650146e-01
6.061714887619018555e-01
6.931883692741394043e-01
4.873120188713073730e-01
5.524740219116210938e-01
6.481247544288635254e-01
8.595423102378845215e-01
6.909245848655700684e-01
8.220785856246948242e-01
8.178535103797912598e-01
5.051614046096801758e-01
6.406776905059814453e-01
8.084926605224609375e-01
6.268242597579956055e-01
7.493718266487121582e-01
5.901666879653930664e-01
6.913251280784606934e-01
9.459860324859619141e-01
7.028939723968505859e-01
7.737722992897033691e-01
6.892219781875610352e-01
5.865644812583923340e-01
7.743334174156188965e-01
6.686448454856872559e-01
7.573577761650085449e-01
8.275135159492492676e-01
6.823083162307739258e-01
5.447930693626403809e-01
5.765122175216674805e-01
5.695520639419555664e-01
6.907008886337280273e-01
8.870036602020263672e-01
6.986632943153381348e-01
6.445879936218261719e-01
9.711278676986694336e-01
6.675015687942504883e-01
5.423569083213806152e-01
4.948121309280395508e-01
8.803200125694274902e-01
5.044302940368652344e-01
6.111541986465454102e-01
7.421036362648010254e-01
8.098235130310058594e-01
7.230343222618103027e-01
6.523585915565490723e-01
